MEME

ALPHABET= ACGT

Correlation with data: 0.849

Max Correlation: 0.900

Background letter frequencies (from negative set)
A 0.27 C 0.23 G 0.23 T 0.27

MOTIF 1 NFKB1
weight= 1.758 l= 4 w= 12 z-score= 6.37 motifsim= 0.947
0.171 0.019 0.443 0.367
0.094 0.115 0.521 0.271
0.155 0.069 0.776 0.000
0.222 0.000 0.761 0.017
0.663 0.048 0.257 0.032
0.832 0.079 0.082 0.007
0.862 0.000 0.074 0.065
0.146 0.165 0.333 0.356
0.078 0.493 0.021 0.408
0.232 0.759 0.009 0.000
0.000 1.000 0.000 0.000
0.065 0.782 0.091 0.062

MOTIF 2 FOS
weight= 1.602 l= 4 w= 12 z-score= 5.70 motifsim= 0.939
0.359 0.147 0.207 0.287
0.406 0.097 0.204 0.293
0.752 0.117 0.006 0.125
0.037 0.000 0.032 0.930
0.056 0.092 0.692 0.161
0.954 0.000 0.046 0.000
0.085 0.308 0.487 0.119
0.050 0.008 0.023 0.920
0.393 0.554 0.000 0.053
0.892 0.021 0.053 0.034
0.205 0.245 0.302 0.249
0.441 0.350 0.076 0.133

MOTIF 3 Hbp1 ?
weight= 9.942 l= 4 w= 12 z-score= -0.31 motifsim= 0.742
0.300 0.264 0.121 0.315
0.179 0.251 0.393 0.177
0.378 0.224 0.308 0.090
0.175 0.172 0.251 0.402
0.227 0.312 0.239 0.222
0.000 0.530 0.014 0.456
0.532 0.065 0.109 0.294
0.213 0.271 0.184 0.331
0.037 0.157 0.085 0.721
0.077 0.394 0.384 0.145
0.635 0.014 0.143 0.208
0.391 0.099 0.121 0.389

MOTIF 4 Sfpi1
weight= 1.259 l= 4 w= 12 z-score= 5.50 motifsim= 0.954
0.476 0.192 0.126 0.206
0.613 0.081 0.117 0.189
0.419 0.047 0.216 0.317
0.240 0.000 0.760 0.000
0.513 0.032 0.455 0.000
0.035 0.034 0.931 0.000
0.000 0.000 1.000 0.000
0.957 0.000 0.000 0.043
0.835 0.043 0.000 0.121
0.135 0.246 0.529 0.090
0.000 0.155 0.000 0.845
0.164 0.140 0.453 0.243

MOTIF 5 POU2F2
weight= 1.633 l= 4 w= 12 z-score= 3.37 motifsim= 0.954
0.185 0.282 0.131 0.403
0.872 0.036 0.000 0.091
0.000 0.090 0.106 0.805
0.104 0.089 0.632 0.175
0.000 0.744 0.021 0.235
0.726 0.125 0.037 0.112
0.911 0.011 0.000 0.077
0.803 0.020 0.074 0.103
0.173 0.021 0.175 0.631
0.158 0.333 0.192 0.317
0.461 0.235 0.097 0.207
0.307 0.157 0.335 0.201

MOTIF 6 NFE2L1:MafG ?
weight= 3.922 l= 4 w= 12 z-score= 1.70 motifsim= 0.873
0.316 0.174 0.235 0.276
0.334 0.329 0.211 0.126
0.369 0.085 0.235 0.311
0.275 0.200 0.374 0.151
0.408 0.164 0.246 0.182
0.228 0.133 0.326 0.313
0.249 0.037 0.539 0.176
0.171 0.000 0.000 0.829
0.110 0.783 0.000 0.107
0.956 0.000 0.000 0.044
0.185 0.333 0.088 0.395
0.388 0.203 0.295 0.114

MOTIF 7 EBF1
weight= 1.620 l= 4 w= 12 z-score= 3.22 motifsim= 0.947
0.189 0.422 0.228 0.160
0.138 0.363 0.144 0.356
0.048 0.952 0.000 0.000
0.028 0.611 0.000 0.361
0.034 0.896 0.000 0.070
0.378 0.097 0.022 0.502
0.200 0.175 0.422 0.203
0.063 0.167 0.686 0.083
0.188 0.116 0.603 0.093
0.071 0.000 0.894 0.035
0.670 0.068 0.204 0.058
0.208 0.446 0.137 0.210

MOTIF 8 MEF2
weight= 3.674 l= 4 w= 12 z-score= 0.88 motifsim= 0.907
0.153 0.126 0.231 0.490
0.210 0.122 0.245 0.423
0.224 0.500 0.177 0.099
0.021 0.433 0.008 0.538
0.468 0.146 0.166 0.220
0.420 0.068 0.320 0.192
0.611 0.033 0.221 0.135
0.647 0.023 0.068 0.262
0.732 0.000 0.000 0.268
0.162 0.017 0.000 0.821
0.541 0.091 0.188 0.180
0.248 0.105 0.512 0.136

MOTIF 9 PU1 ?
weight= 1.045 l= 4 w= 17 z-score= 4.84 motifsim= 0.802
0.407 0.151 0.441 0.000
0.913 0.001 0.085 0.000
0.892 0.027 0.081 0.000
0.894 0.000 0.000 0.106
0.179 0.339 0.482 0.000
0.381 0.224 0.180 0.215
0.349 0.033 0.618 0.000
0.383 0.000 0.617 0.000
0.865 0.000 0.000 0.135
0.913 0.000 0.022 0.065
0.022 0.580 0.398 0.000
0.291 0.200 0.101 0.409
0.297 0.077 0.506 0.120
0.793 0.045 0.135 0.027
0.316 0.000 0.684 0.000
0.696 0.169 0.135 0.000
0.321 0.000 0.232 0.447

MOTIF 10 ETS1
weight= 1.304 l= 4 w= 12 z-score= 4.24 motifsim= 0.955
0.195 0.325 0.249 0.231
0.487 0.207 0.241 0.065
0.000 0.660 0.024 0.316
0.223 0.000 0.000 0.777
0.000 0.033 0.000 0.967
0.000 1.000 0.000 0.000
0.000 0.993 0.007 0.000
0.021 0.073 0.181 0.724
0.153 0.094 0.648 0.106
0.129 0.232 0.097 0.542
0.218 0.271 0.259 0.252
0.241 0.263 0.183 0.314

MOTIF 11 Tgif1 ?
weight= 2.863 l= 4 w= 12 z-score= 1.74 motifsim= 0.754
0.089 0.481 0.430 0.000
0.369 0.168 0.226 0.238
0.356 0.019 0.307 0.318
0.267 0.210 0.391 0.131
0.342 0.322 0.160 0.176
0.173 0.258 0.399 0.170
0.081 0.063 0.000 0.856
0.068 0.132 0.659 0.140
0.585 0.039 0.073 0.303
0.117 0.377 0.506 0.000
0.874 0.047 0.000 0.079
0.679 0.000 0.268 0.053

MOTIF 12 RUNX1
weight= 1.599 l= 4 w= 12 z-score= 4.99 motifsim= 0.924
0.263 0.275 0.027 0.435
0.147 0.316 0.179 0.358
0.047 0.438 0.119 0.397
0.290 0.255 0.018 0.437
0.258 0.159 0.318 0.265
0.559 0.321 0.121 0.000
0.000 0.968 0.032 0.000
0.000 0.982 0.018 0.000
0.801 0.071 0.128 0.000
0.000 0.898 0.075 0.028
0.824 0.000 0.172 0.003
0.312 0.243 0.237 0.208

MOTIF 13 bZIP:IRF
weight= 1.186 l= 4 w= 16 z-score= 4.23 motifsim= 0.913
0.708 0.292 0.000 0.000
0.171 0.265 0.435 0.130
0.113 0.118 0.000 0.770
0.206 0.561 0.192 0.041
0.751 0.136 0.000 0.113
0.248 0.044 0.100 0.608
0.437 0.219 0.018 0.326
0.256 0.249 0.178 0.318
0.096 0.188 0.238 0.478
0.000 0.048 0.939 0.014
0.958 0.042 0.000 0.000
0.833 0.000 0.163 0.004
0.953 0.047 0.000 0.000
0.003 0.527 0.420 0.051
0.079 0.050 0.173 0.698
0.145 0.148 0.482 0.226

MOTIF 14 GC ?
weight= 2.280 l= 4 w= 12 z-score= 1.16 motifsim= 0.894
0.122 0.241 0.475 0.162
0.133 0.383 0.246 0.238
0.124 0.343 0.210 0.323
0.381 0.584 0.035 0.000
0.065 0.747 0.000 0.188
0.287 0.000 0.298 0.414
0.000 0.885 0.000 0.115
0.000 0.878 0.121 0.001
0.147 0.649 0.000 0.203
0.246 0.437 0.083 0.234
0.156 0.390 0.176 0.278
0.347 0.107 0.191 0.355

MOTIF 15 PU.1:IRF8
weight= 0.887 l= 4 w= 12 z-score= 6.05 motifsim= 0.947
0.351 0.000 0.420 0.228
0.095 0.081 0.762 0.062
0.841 0.000 0.052 0.107
0.717 0.000 0.000 0.283
0.232 0.208 0.552 0.008
0.000 0.000 0.000 1.000
0.000 0.000 1.000 0.000
0.836 0.000 0.164 0.000
0.691 0.003 0.228 0.078
0.894 0.026 0.004 0.076
0.184 0.495 0.287 0.034
0.307 0.333 0.008 0.351

MOTIF 16 NFATC1 ?
weight= 2.759 l= 4 w= 12 z-score= 1.20 motifsim= 0.731
0.091 0.160 0.353 0.395
0.194 0.014 0.398 0.394
0.266 0.073 0.096 0.565
0.051 0.079 0.000 0.870
0.085 0.371 0.047 0.497
0.118 0.621 0.133 0.129
0.064 0.859 0.013 0.065
0.285 0.494 0.087 0.135
0.094 0.459 0.109 0.338
0.369 0.026 0.262 0.344
0.274 0.122 0.604 0.000
0.213 0.323 0.000 0.465

MOTIF 17 ISRE ?
weight= 1.377 l= 4 w= 15 z-score= 6.79 motifsim= 0.861
0.388 0.044 0.217 0.351
0.323 0.019 0.364 0.293
0.207 0.097 0.592 0.104
0.364 0.193 0.414 0.028
0.695 0.034 0.225 0.046
0.703 0.173 0.101 0.024
0.169 0.437 0.083 0.311
0.356 0.185 0.052 0.407
0.100 0.012 0.888 0.000
0.816 0.081 0.025 0.078
0.789 0.000 0.000 0.211
0.958 0.000 0.000 0.042
0.092 0.581 0.296 0.031
0.000 0.516 0.051 0.433
0.506 0.198 0.000 0.295

MOTIF 18 FIGLA ?
weight= 1.745 l= 4 w= 12 z-score= 1.73 motifsim= 0.860
0.352 0.078 0.253 0.317
0.410 0.140 0.408 0.042
0.445 0.535 0.020 0.000
0.000 0.857 0.000 0.143
0.856 0.041 0.103 0.000
0.142 0.464 0.235 0.158
0.270 0.522 0.207 0.000
0.000 0.044 0.081 0.875
0.000 0.302 0.609 0.089
0.295 0.342 0.128 0.235
0.217 0.270 0.129 0.385
0.190 0.214 0.367 0.229

MOTIF 19 RUNX ?
weight= 1.612 l= 4 w= 12 z-score= 5.30 motifsim= 0.868
0.144 0.251 0.429 0.176
0.195 0.347 0.211 0.247
0.186 0.324 0.188 0.302
0.173 0.162 0.199 0.466
0.556 0.000 0.441 0.003
1.000 0.000 0.000 0.000
0.043 0.914 0.000 0.043
0.000 0.906 0.094 0.000
0.586 0.017 0.152 0.245
0.293 0.584 0.000 0.123
0.508 0.103 0.033 0.356
0.349 0.000 0.322 0.329

MOTIF 20 RUNX1
weight= 0.995 l= 4 w= 12 z-score= 5.96 motifsim= 0.935
0.312 0.149 0.340 0.200
0.485 0.136 0.339 0.040
0.625 0.243 0.031 0.101
0.762 0.000 0.168 0.070
0.592 0.072 0.335 0.000
0.000 1.000 0.000 0.000
0.000 1.000 0.000 0.000
0.739 0.004 0.111 0.145
0.000 0.895 0.103 0.002
0.636 0.181 0.000 0.184
0.470 0.110 0.324 0.095
0.458 0.125 0.294 0.123

