MEME

ALPHABET= ACGT

Correlation with data: 0.846

Max Correlation: 0.900

Background letter frequencies (from negative set)
A 0.27 C 0.23 G 0.23 T 0.27

MOTIF 1 NFkB-p65
weight= 1.005 l= 4 w= 13 z-score= 6.45 motifsim= 0.928
0.036 0.000 0.721 0.243
0.120 0.079 0.663 0.138
0.102 0.029 0.869 0.000
0.284 0.000 0.708 0.008
0.738 0.049 0.190 0.023
0.981 0.000 0.019 0.000
0.686 0.021 0.154 0.139
0.056 0.244 0.257 0.443
0.122 0.629 0.000 0.250
0.162 0.838 0.000 0.000
0.000 1.000 0.000 0.000
0.000 0.978 0.022 0.000
0.322 0.046 0.110 0.522

MOTIF 2 ISRE ?
weight= 1.076 l= 4 w= 15 z-score= 7.27 motifsim= 0.896
0.038 0.516 0.137 0.310
0.185 0.099 0.028 0.689
0.107 0.175 0.582 0.137
0.478 0.128 0.349 0.044
0.831 0.000 0.147 0.022
0.789 0.064 0.010 0.136
0.198 0.370 0.231 0.201
0.239 0.132 0.112 0.517
0.000 0.000 1.000 0.000
1.000 0.000 0.000 0.000
0.976 0.000 0.000 0.024
1.000 0.000 0.000 0.000
0.000 0.619 0.381 0.000
0.026 0.433 0.014 0.527
0.487 0.148 0.094 0.271

MOTIF 3 FOS
weight= 0.947 l= 4 w= 12 z-score= 5.83 motifsim= 0.944
0.251 0.127 0.283 0.338
0.326 0.069 0.188 0.417
0.755 0.079 0.000 0.166
0.000 0.000 0.000 1.000
0.021 0.000 0.837 0.142
1.000 0.000 0.000 0.000
0.100 0.341 0.443 0.116
0.000 0.000 0.000 1.000
0.402 0.598 0.000 0.000
0.936 0.000 0.064 0.000
0.161 0.243 0.342 0.254
0.365 0.440 0.008 0.187

MOTIF 4 RUNX1
weight= 1.136 l= 4 w= 12 z-score= 6.30 motifsim= 0.954
0.356 0.182 0.261 0.200
0.319 0.249 0.295 0.137
0.684 0.218 0.032 0.066
0.655 0.000 0.172 0.173
0.679 0.048 0.273 0.000
0.000 1.000 0.000 0.000
0.000 1.000 0.000 0.000
0.715 0.042 0.103 0.139
0.000 0.916 0.084 0.000
0.766 0.067 0.016 0.151
0.486 0.153 0.360 0.000
0.430 0.152 0.243 0.175

MOTIF 5 ETS1
weight= 0.862 l= 4 w= 12 z-score= 3.01 motifsim= 0.955
0.207 0.380 0.178 0.235
0.491 0.164 0.252 0.092
0.000 0.542 0.022 0.436
0.113 0.000 0.000 0.887
0.000 0.000 0.000 1.000
0.000 1.000 0.000 0.000
0.000 1.000 0.000 0.000
0.000 0.000 0.156 0.844
0.000 0.000 0.886 0.114
0.114 0.152 0.103 0.631
0.227 0.218 0.240 0.314
0.232 0.272 0.205 0.290

MOTIF 6 RUNX
weight= 0.926 l= 4 w= 12 z-score= 5.66 motifsim= 0.906
0.104 0.258 0.256 0.381
0.067 0.388 0.187 0.358
0.108 0.419 0.117 0.357
0.102 0.192 0.000 0.706
0.439 0.062 0.409 0.090
0.981 0.000 0.019 0.000
0.000 1.000 0.000 0.000
0.000 1.000 0.000 0.000
0.820 0.000 0.128 0.052
0.145 0.838 0.000 0.017
0.749 0.009 0.024 0.217
0.411 0.029 0.252 0.308

MOTIF 7 Pou2f3
weight= 0.639 l= 4 w= 12 z-score= 3.39 motifsim= 0.954
0.182 0.274 0.081 0.463
1.000 0.000 0.000 0.000
0.000 0.000 0.068 0.932
0.013 0.052 0.742 0.193
0.000 0.830 0.000 0.170
0.840 0.036 0.019 0.104
1.000 0.000 0.000 0.000
1.000 0.000 0.000 0.000
0.143 0.013 0.118 0.725
0.146 0.291 0.207 0.357
0.477 0.207 0.090 0.227
0.287 0.145 0.370 0.197

MOTIF 8 Mef2a ?
weight= 1.129 l= 4 w= 14 z-score= 1.08 motifsim= 0.882
0.000 0.212 0.443 0.345
0.154 0.084 0.247 0.514
0.108 0.101 0.202 0.590
0.034 0.049 0.344 0.574
0.189 0.570 0.077 0.164
0.000 0.383 0.000 0.617
0.616 0.061 0.112 0.211
0.517 0.000 0.245 0.238
0.797 0.000 0.173 0.030
0.773 0.000 0.005 0.222
0.685 0.031 0.000 0.284
0.127 0.000 0.000 0.873
0.809 0.032 0.160 0.000
0.135 0.043 0.822 0.000

MOTIF 9 EBF1
weight= 0.620 l= 4 w= 12 z-score= 3.32 motifsim= 0.971
0.153 0.444 0.378 0.025
0.065 0.321 0.090 0.524
0.042 0.948 0.000 0.011
0.079 0.545 0.054 0.322
0.000 1.000 0.000 0.000
0.432 0.046 0.024 0.498
0.239 0.069 0.550 0.141
0.000 0.049 0.951 0.000
0.148 0.000 0.852 0.000
0.000 0.000 1.000 0.000
0.943 0.011 0.046 0.000
0.254 0.458 0.198 0.089

MOTIF 10 Sfpi1
weight= 0.534 l= 4 w= 12 z-score= 5.01 motifsim= 0.916
0.473 0.081 0.333 0.114
0.735 0.093 0.152 0.020
0.979 0.000 0.000 0.021
0.655 0.000 0.083 0.261
0.187 0.000 0.813 0.000
0.553 0.067 0.379 0.000
0.015 0.000 0.985 0.000
0.000 0.000 1.000 0.000
1.000 0.000 0.000 0.000
0.966 0.000 0.000 0.034
0.000 0.378 0.602 0.019
0.000 0.229 0.000 0.771

MOTIF 11 Pax8 ?
weight= 1.795 l= 4 w= 12 z-score= 1.63 motifsim= 0.753
0.073 0.269 0.291 0.367
0.038 0.618 0.008 0.336
0.538 0.027 0.000 0.434
0.155 0.255 0.338 0.252
0.175 0.189 0.052 0.584
0.000 0.829 0.171 0.000
0.880 0.000 0.000 0.120
0.423 0.139 0.095 0.343
0.000 0.316 0.684 0.000
0.000 0.644 0.000 0.356
0.446 0.060 0.188 0.306
0.267 0.222 0.124 0.386

MOTIF 12 PU.1 ?
weight= 0.567 l= 4 w= 17 z-score= 4.75 motifsim= 0.824
0.515 0.000 0.257 0.228
0.351 0.000 0.649 0.000
0.750 0.097 0.153 0.000
0.000 0.000 1.000 0.000
0.000 0.000 1.000 0.000
1.000 0.000 0.000 0.000
0.861 0.000 0.000 0.139
0.322 0.174 0.460 0.043
0.000 0.030 0.005 0.965
0.142 0.000 0.810 0.049
0.667 0.000 0.312 0.021
0.481 0.000 0.372 0.147
0.585 0.040 0.115 0.261
0.000 0.585 0.415 0.000
0.544 0.000 0.050 0.406
0.000 0.000 0.805 0.195
0.128 0.408 0.000 0.464

MOTIF 13 USF ?
weight= 1.253 l= 4 w= 12 z-score= 2.43 motifsim= 0.792
0.492 0.113 0.145 0.251
0.405 0.114 0.480 0.000
0.316 0.550 0.000 0.135
0.000 0.942 0.000 0.058
0.954 0.000 0.046 0.000
0.000 0.748 0.167 0.085
0.425 0.313 0.262 0.000
0.000 0.216 0.000 0.784
0.000 0.424 0.435 0.141
0.291 0.377 0.053 0.279
0.207 0.264 0.015 0.514
0.237 0.274 0.313 0.176

MOTIF 14 COUP-TFII ?
weight= 1.513 l= 4 w= 12 z-score= 1.66 motifsim= 0.794
0.111 0.442 0.189 0.258
0.258 0.488 0.000 0.254
0.507 0.000 0.153 0.340
0.386 0.088 0.386 0.141
0.465 0.108 0.392 0.036
0.158 0.092 0.423 0.327
0.106 0.113 0.533 0.247
0.050 0.000 0.001 0.949
0.037 0.746 0.000 0.218
0.959 0.000 0.041 0.000
0.234 0.403 0.162 0.200
0.645 0.083 0.272 0.000

MOTIF 15 Rbpj1 ?
weight= 1.034 l= 4 w= 17 z-score= 0.77 motifsim= 0.599
0.101 0.260 0.037 0.601
0.000 0.197 0.197 0.606
0.000 0.000 0.496 0.504
0.018 0.000 0.477 0.505
0.000 0.032 0.000 0.968
0.000 0.466 0.032 0.502
0.203 0.400 0.062 0.335
0.197 0.733 0.000 0.070
0.625 0.158 0.038 0.179
0.000 0.672 0.264 0.064
0.465 0.025 0.289 0.221
0.241 0.124 0.382 0.253
0.056 0.693 0.000 0.251
0.363 0.054 0.000 0.583
0.000 0.000 0.706 0.294
0.000 0.564 0.352 0.085
0.174 0.323 0.002 0.500

MOTIF 16 bZIP:IRF ?
weight= 0.451 l= 4 w= 16 z-score= 3.13 motifsim= 0.868
1.000 0.000 0.000 0.000
0.210 0.171 0.619 0.000
0.019 0.000 0.000 0.981
0.152 0.696 0.152 0.000
0.777 0.191 0.000 0.032
0.000 0.051 0.000 0.949
0.279 0.228 0.000 0.493
0.204 0.264 0.187 0.344
0.052 0.202 0.128 0.618
0.000 0.019 0.981 0.000
0.978 0.022 0.000 0.000
0.842 0.000 0.158 0.000
1.000 0.000 0.000 0.000
0.000 0.538 0.462 0.000
0.004 0.060 0.088 0.848
0.022 0.363 0.401 0.214

MOTIF 17 IRF2 ?
weight= 0.528 l= 4 w= 17 z-score= 2.14 motifsim= 0.691
0.230 0.430 0.340 0.000
0.961 0.039 0.000 0.000
0.482 0.062 0.318 0.138
1.000 0.000 0.000 0.000
0.135 0.165 0.700 0.000
0.122 0.476 0.061 0.341
0.633 0.024 0.344 0.000
0.547 0.000 0.453 0.000
0.741 0.000 0.171 0.087
1.000 0.000 0.000 0.000
0.245 0.574 0.154 0.027
0.239 0.433 0.033 0.295
0.424 0.000 0.502 0.074
1.000 0.000 0.000 0.000
0.364 0.000 0.560 0.076
1.000 0.000 0.000 0.000
0.520 0.149 0.164 0.167

MOTIF 18 KLF14 ?
weight= 0.569 l= 4 w= 13 z-score= 1.42 motifsim= 0.843
0.123 0.026 0.694 0.156
0.014 0.533 0.199 0.254
0.000 0.448 0.185 0.367
0.240 0.711 0.000 0.049
0.000 0.755 0.015 0.230
0.154 0.000 0.385 0.461
0.000 1.000 0.000 0.000
0.016 0.984 0.000 0.000
0.039 0.759 0.000 0.202
0.501 0.499 0.000 0.000
0.000 0.740 0.079 0.181
0.597 0.000 0.242 0.161
0.186 0.678 0.136 0.000

MOTIF 19 EVI1 ?
weight= 1.409 l= 4 w= 15 z-score= 0.08 motifsim= 0.519
0.334 0.000 0.408 0.258
0.033 0.121 0.346 0.501
0.200 0.071 0.000 0.729
0.210 0.032 0.000 0.758
0.254 0.291 0.258 0.197
0.289 0.297 0.370 0.044
0.610 0.000 0.382 0.008
0.092 0.202 0.194 0.511
0.421 0.519 0.060 0.000
0.206 0.247 0.000 0.547
0.314 0.000 0.021 0.665
0.051 0.259 0.412 0.278
0.007 0.000 0.000 0.993
0.210 0.463 0.248 0.079
0.628 0.117 0.255 0.000

MOTIF 20 PU.1-IRF ?
weight= 0.312 l= 4 w= 15 z-score= 3.64 motifsim= 0.804
0.617 0.000 0.334 0.048
0.479 0.209 0.312 0.000
0.533 0.066 0.193 0.207
0.000 0.167 0.833 0.000
0.702 0.001 0.277 0.020
0.139 0.000 0.838 0.023
0.922 0.000 0.000 0.078
0.991 0.000 0.000 0.009
0.012 0.340 0.648 0.000
0.000 0.000 0.000 1.000
0.000 0.000 1.000 0.000
0.866 0.020 0.000 0.114
0.498 0.058 0.444 0.000
0.863 0.137 0.000 0.000
0.449 0.000 0.296 0.254

