MEME

ALPHABET= ACGT

Correlation with SVM weight vector: 0.835

Max PWM Correlation: 0.900

Background letter frequencies (from negative set)
A 0.27 C 0.23 G 0.23 T 0.27

MOTIF 1 IRF1
weight= 0.813 l= 4 w= 16 z-score= 7.02 motifsim= 0.876
0.181 0.062 0.750 0.007
0.869 0.000 0.131 0.000
0.988 0.012 0.000 0.000
0.205 0.418 0.200 0.177
0.188 0.235 0.082 0.494
0.216 0.000 0.784 0.000
0.895 0.009 0.096 0.000
0.794 0.000 0.161 0.046
1.000 0.000 0.000 0.000
0.092 0.515 0.394 0.000
0.219 0.201 0.000 0.580
0.161 0.118 0.713 0.008
0.784 0.027 0.090 0.099
0.656 0.043 0.236 0.065
0.971 0.000 0.000 0.029
0.235 0.396 0.369 0.000

MOTIF 2 NFkB-p65
weight= 1.433 l= 4 w= 14 z-score= 6.20 motifsim= 0.931
0.222 0.024 0.618 0.136
0.064 0.054 0.581 0.301
0.069 0.050 0.881 0.000
0.000 0.008 0.943 0.049
0.576 0.124 0.238 0.062
0.873 0.007 0.120 0.000
0.614 0.036 0.178 0.171
0.131 0.252 0.211 0.407
0.147 0.584 0.005 0.264
0.210 0.785 0.005 0.000
0.042 0.958 0.000 0.000
0.076 0.705 0.114 0.105
0.414 0.040 0.113 0.434
0.338 0.111 0.341 0.210

MOTIF 3 RUNX1
weight= 2.300 l= 4 w= 12 z-score= 6.14 motifsim= 0.923
0.310 0.279 0.205 0.206
0.307 0.217 0.246 0.230
0.405 0.226 0.070 0.298
0.974 0.000 0.026 0.000
0.832 0.126 0.042 0.000
0.074 0.924 0.000 0.001
0.000 0.977 0.023 0.000
0.518 0.207 0.125 0.149
0.100 0.655 0.138 0.107
0.473 0.189 0.052 0.286
0.403 0.091 0.267 0.238
0.389 0.184 0.196 0.232

MOTIF 4 Fra1
weight= 1.671 l= 4 w= 12 z-score= 5.68 motifsim= 0.931
0.310 0.095 0.395 0.200
0.298 0.148 0.263 0.291
0.350 0.000 0.256 0.394
0.731 0.130 0.000 0.139
0.013 0.000 0.013 0.975
0.087 0.006 0.744 0.163
1.000 0.000 0.000 0.000
0.088 0.400 0.369 0.143
0.000 0.000 0.000 1.000
0.368 0.530 0.081 0.022
0.724 0.072 0.102 0.103
0.193 0.242 0.267 0.298

MOTIF 5 bZIP:IRF
weight= 1.807 l= 4 w= 15 z-score= 5.51 motifsim= 0.870
0.101 0.155 0.618 0.126
0.309 0.015 0.021 0.655
0.237 0.394 0.247 0.122
0.545 0.242 0.079 0.134
0.326 0.055 0.153 0.466
0.397 0.184 0.066 0.352
0.241 0.237 0.244 0.279
0.222 0.132 0.110 0.536
0.000 0.001 0.999 0.000
0.889 0.111 0.000 0.000
0.891 0.000 0.020 0.089
0.920 0.080 0.000 0.000
0.072 0.589 0.286 0.053
0.047 0.425 0.000 0.528
0.370 0.187 0.109 0.335

MOTIF 6 RUNX2
weight= 2.270 l= 4 w= 12 z-score= 5.45 motifsim= 0.949
0.242 0.300 0.133 0.326
0.147 0.270 0.214 0.368
0.108 0.406 0.178 0.308
0.358 0.209 0.010 0.423
0.261 0.088 0.411 0.240
0.607 0.182 0.211 0.000
0.000 0.876 0.000 0.124
0.000 0.924 0.076 0.000
0.845 0.000 0.109 0.046
0.107 0.841 0.019 0.034
0.819 0.000 0.132 0.049
0.387 0.161 0.242 0.210

MOTIF 7 PU1
weight= 0.966 l= 4 w= 14 z-score= 5.43 motifsim= 0.909
0.328 0.006 0.403 0.263
0.352 0.000 0.562 0.086
0.465 0.121 0.414 0.000
0.239 0.000 0.761 0.000
0.000 0.027 0.973 0.000
0.843 0.000 0.000 0.157
0.777 0.000 0.007 0.216
0.163 0.218 0.540 0.079
0.069 0.000 0.043 0.889
0.116 0.000 0.881 0.003
0.684 0.000 0.253 0.063
0.446 0.034 0.364 0.157
0.774 0.089 0.050 0.086
0.277 0.231 0.124 0.367

MOTIF 8 SpiB
weight= 0.839 l= 4 w= 14 z-score= 4.60 motifsim= 0.923
0.420 0.180 0.020 0.381
0.448 0.171 0.306 0.075
0.822 0.093 0.000 0.085
0.921 0.000 0.003 0.076
0.644 0.041 0.064 0.251
0.213 0.157 0.629 0.000
0.540 0.102 0.358 0.000
0.171 0.008 0.821 0.000
0.000 0.028 0.972 0.000
1.000 0.000 0.000 0.000
0.889 0.003 0.000 0.108
0.036 0.452 0.512 0.000
0.126 0.188 0.000 0.687
0.230 0.207 0.306 0.258

MOTIF 9 NFKB1
weight= 1.434 l= 4 w= 12 z-score= 3.62 motifsim= 0.806
0.237 0.081 0.442 0.241
0.020 0.000 0.942 0.038
0.014 0.000 0.769 0.217
0.042 0.000 0.953 0.005
0.466 0.013 0.439 0.082
0.067 0.430 0.182 0.321
0.092 0.000 0.000 0.908
0.036 0.144 0.158 0.662
0.000 0.110 0.000 0.890
0.152 0.339 0.076 0.433
0.226 0.267 0.189 0.318
0.168 0.321 0.291 0.221

MOTIF 10 Etv2
weight= 1.177 l= 4 w= 12 z-score= 3.38 motifsim= 0.973
0.213 0.352 0.198 0.237
0.498 0.189 0.314 0.000
0.000 0.564 0.038 0.397
0.223 0.000 0.004 0.774
0.000 0.000 0.000 1.000
0.000 0.998 0.000 0.002
0.000 1.000 0.000 0.000
0.000 0.000 0.225 0.775
0.061 0.194 0.588 0.157
0.066 0.329 0.123 0.483
0.243 0.288 0.173 0.296
0.190 0.332 0.237 0.241

MOTIF 11 EBF1
weight= 1.530 l= 4 w= 12 z-score= 3.31 motifsim= 0.911
0.188 0.422 0.054 0.336
0.201 0.799 0.000 0.000
0.139 0.402 0.137 0.322
0.113 0.591 0.097 0.199
0.350 0.210 0.109 0.331
0.374 0.101 0.289 0.236
0.004 0.053 0.903 0.040
0.173 0.000 0.827 0.000
0.000 0.000 1.000 0.000
0.738 0.262 0.000 0.000
0.066 0.344 0.398 0.192
0.076 0.253 0.282 0.389

MOTIF 12 POU2F2
weight= 2.105 l= 4 w= 12 z-score= 3.11 motifsim= 0.940
0.184 0.319 0.100 0.396
0.828 0.105 0.000 0.068
0.007 0.069 0.097 0.826
0.044 0.083 0.607 0.266
0.005 0.678 0.082 0.234
0.677 0.083 0.062 0.178
0.943 0.000 0.000 0.057
0.753 0.004 0.077 0.165
0.197 0.082 0.192 0.529
0.177 0.294 0.242 0.287
0.477 0.203 0.130 0.190
0.245 0.203 0.344 0.209

MOTIF 13 UA3
weight= -5.924 l= 4 w= 15 z-score= 2.08 motifsim= 0.713
0.470 0.274 0.111 0.145
0.269 0.208 0.250 0.273
0.262 0.221 0.243 0.274
0.261 0.234 0.280 0.225
0.387 0.123 0.252 0.239
0.373 0.195 0.301 0.131
0.605 0.068 0.111 0.216
0.447 0.047 0.507 0.000
0.409 0.430 0.000 0.161
0.000 0.627 0.122 0.251
0.000 0.769 0.108 0.123
0.250 0.664 0.085 0.000
0.156 0.579 0.035 0.230
0.303 0.277 0.198 0.222
0.392 0.104 0.233 0.271

MOTIF 14 Tgif1
weight= 3.498 l= 4 w= 13 z-score= 1.73 motifsim= 0.639
0.246 0.577 0.114 0.063
0.455 0.064 0.155 0.326
0.328 0.000 0.353 0.318
0.224 0.321 0.340 0.115
0.304 0.247 0.103 0.346
0.045 0.359 0.494 0.102
0.165 0.000 0.000 0.835
0.038 0.207 0.405 0.349
0.535 0.000 0.055 0.410
0.202 0.382 0.396 0.020
0.794 0.164 0.014 0.028
0.531 0.098 0.194 0.177
0.316 0.198 0.343 0.144

MOTIF 15 PAX6
weight= 5.056 l= 4 w= 12 z-score= 1.50 motifsim= 0.722
0.423 0.003 0.484 0.090
0.063 0.532 0.372 0.032
0.438 0.110 0.131 0.321
0.195 0.045 0.090 0.670
0.065 0.360 0.507 0.068
0.776 0.000 0.144 0.080
0.222 0.347 0.205 0.226
0.304 0.132 0.155 0.408
0.266 0.029 0.499 0.206
0.250 0.314 0.304 0.132
0.400 0.203 0.136 0.261
0.000 0.389 0.171 0.440

MOTIF 16 SOX10
weight= 3.091 l= 4 w= 17 z-score= 0.58 motifsim= 0.637
0.257 0.421 0.124 0.198
0.190 0.099 0.000 0.711
0.099 0.241 0.000 0.661
0.000 0.018 0.448 0.534
0.020 0.061 0.682 0.237
0.071 0.043 0.000 0.886
0.224 0.334 0.032 0.410
0.265 0.324 0.110 0.301
0.271 0.281 0.163 0.285
0.312 0.274 0.230 0.183
0.268 0.431 0.148 0.153
0.391 0.213 0.206 0.190
0.062 0.218 0.297 0.423
0.000 0.706 0.215 0.079
0.073 0.117 0.000 0.810
0.187 0.000 0.813 0.000
0.000 0.387 0.422 0.190

MOTIF 17 Mef2c
weight= 5.354 l= 4 w= 12 z-score= 0.42 motifsim= 0.927
0.107 0.375 0.060 0.458
0.462 0.068 0.236 0.234
0.474 0.075 0.261 0.190
0.550 0.032 0.185 0.234
0.587 0.065 0.092 0.255
0.655 0.082 0.000 0.263
0.159 0.087 0.080 0.674
0.626 0.084 0.173 0.117
0.225 0.076 0.568 0.131
0.355 0.262 0.201 0.182
0.280 0.258 0.147 0.315
0.265 0.299 0.214 0.222

MOTIF 18 NFATC2
weight= -4.415 l= 4 w= 15 z-score= -0.63 motifsim= 0.591
0.000 0.041 0.250 0.709
0.322 0.393 0.000 0.286
0.474 0.184 0.026 0.316
0.287 0.240 0.262 0.212
0.053 0.246 0.040 0.661
0.165 0.386 0.157 0.292
0.353 0.110 0.162 0.374
0.249 0.305 0.172 0.274
0.431 0.000 0.081 0.488
0.304 0.222 0.012 0.461
0.345 0.044 0.000 0.611
0.333 0.000 0.037 0.630
0.144 0.451 0.000 0.405
0.274 0.521 0.000 0.205
0.566 0.000 0.000 0.434

MOTIF 19 V_PAX2_02
weight= -3.771 l= 4 w= 15 z-score= -1.07 motifsim= 0.672
0.682 0.118 0.200 0.000
0.208 0.174 0.472 0.145
0.702 0.257 0.021 0.020
0.393 0.205 0.118 0.284
0.156 0.291 0.146 0.406
0.155 0.268 0.226 0.352
0.229 0.348 0.299 0.124
0.430 0.134 0.020 0.416
0.371 0.121 0.187 0.321
0.460 0.197 0.032 0.311
0.110 0.472 0.039 0.379
0.884 0.000 0.020 0.097
0.744 0.000 0.173 0.083
0.750 0.250 0.000 0.000
0.274 0.321 0.166 0.239

MOTIF 20 ETS1
weight= -3.244 l= 4 w= 15 z-score= -1.98 motifsim= 0.635
0.209 0.000 0.000 0.791
0.011 0.989 0.000 0.000
0.000 1.000 0.000 0.000
0.378 0.112 0.000 0.511
0.181 0.136 0.431 0.252
0.308 0.266 0.287 0.139
0.291 0.099 0.300 0.311
0.114 0.178 0.475 0.234
0.279 0.300 0.146 0.275
0.282 0.151 0.185 0.383
0.227 0.152 0.325 0.296
0.029 0.023 0.627 0.321
0.061 0.095 0.744 0.100
1.000 0.000 0.000 0.000
0.380 0.203 0.000 0.417

MOTIF 21 NFATC2
weight= -5.774 l= 4 w= 15 z-score= -2.61 motifsim= 0.613
0.100 0.000 0.274 0.625
0.398 0.251 0.351 0.000
0.000 0.252 0.150 0.597
0.129 0.550 0.000 0.321
0.204 0.399 0.169 0.228
0.333 0.135 0.182 0.350
0.247 0.299 0.202 0.252
0.142 0.214 0.147 0.496
0.083 0.262 0.228 0.427
0.196 0.085 0.200 0.519
0.099 0.321 0.343 0.237
0.115 0.000 0.181 0.704
0.122 0.492 0.201 0.185
0.000 0.992 0.008 0.000
0.373 0.442 0.103 0.082

MOTIF 22 V_IK2_01
weight= -3.700 l= 4 w= 15 z-score= -3.10 motifsim= 0.766
0.136 0.394 0.293 0.177
0.710 0.000 0.188 0.102
0.346 0.204 0.130 0.320
0.459 0.217 0.199 0.126
0.279 0.239 0.209 0.273
0.356 0.230 0.166 0.247
0.288 0.178 0.170 0.364
0.191 0.243 0.271 0.295
0.361 0.081 0.064 0.494
0.000 0.002 0.842 0.156
0.000 0.061 0.759 0.180
0.369 0.132 0.499 0.000
1.000 0.000 0.000 0.000
0.397 0.029 0.105 0.469
0.255 0.009 0.368 0.369

