MEME

ALPHABET= ACGT

Correlation with data: 0.849

Max Correlation: 0.900

Background letter frequencies (from negative set)
A 0.27 C 0.23 G 0.23 T 0.27

MOTIF 1 NFKB1
weight= 1.737 l= 4 w= 12 z-score= 6.40 motifsim= 0.947
0.166 0.031 0.489 0.313
0.098 0.116 0.509 0.276
0.170 0.073 0.757 0.000
0.217 0.000 0.743 0.040
0.668 0.030 0.266 0.036
0.840 0.057 0.086 0.018
0.834 0.000 0.087 0.080
0.134 0.158 0.330 0.378
0.080 0.503 0.003 0.414
0.231 0.765 0.004 0.000
0.002 0.998 0.000 0.000
0.078 0.789 0.078 0.054

MOTIF 2 FOS
weight= 1.541 l= 4 w= 12 z-score= 5.75 motifsim= 0.938
0.335 0.174 0.189 0.302
0.403 0.074 0.176 0.347
0.764 0.075 0.004 0.158
0.038 0.000 0.000 0.962
0.073 0.071 0.721 0.135
0.997 0.000 0.003 0.000
0.121 0.310 0.466 0.103
0.066 0.000 0.023 0.911
0.392 0.568 0.000 0.041
0.844 0.025 0.080 0.051
0.192 0.232 0.325 0.251
0.398 0.366 0.083 0.153

MOTIF 3 Hbp1 ?
weight= 11.259 l= 4 w= 12 z-score= -0.63 motifsim= 0.761
0.276 0.317 0.092 0.314
0.163 0.265 0.365 0.207
0.386 0.206 0.327 0.081
0.185 0.163 0.239 0.413
0.213 0.322 0.276 0.188
0.053 0.525 0.055 0.367
0.506 0.080 0.118 0.296
0.234 0.260 0.160 0.347
0.038 0.165 0.100 0.698
0.111 0.407 0.339 0.143
0.632 0.000 0.129 0.239
0.357 0.114 0.129 0.400

MOTIF 4 SpiB
weight= 1.221 l= 4 w= 12 z-score= 5.29 motifsim= 0.961
0.595 0.182 0.082 0.141
0.706 0.066 0.078 0.149
0.512 0.012 0.177 0.298
0.232 0.000 0.767 0.000
0.471 0.062 0.467 0.000
0.144 0.008 0.847 0.000
0.000 0.000 1.000 0.000
0.953 0.000 0.000 0.047
0.882 0.024 0.000 0.095
0.093 0.298 0.561 0.048
0.008 0.147 0.000 0.845
0.173 0.127 0.468 0.233

MOTIF 5 EBF1
weight= 2.005 l= 4 w= 12 z-score= 3.19 motifsim= 0.941
0.190 0.442 0.209 0.159
0.142 0.365 0.142 0.350
0.060 0.940 0.000 0.000
0.037 0.604 0.003 0.357
0.061 0.867 0.000 0.071
0.360 0.120 0.011 0.509
0.202 0.197 0.414 0.186
0.079 0.155 0.679 0.087
0.174 0.134 0.572 0.120
0.091 0.000 0.852 0.057
0.655 0.096 0.183 0.065
0.230 0.420 0.135 0.215

MOTIF 6 POU2F2
weight= 1.525 l= 4 w= 12 z-score= 3.29 motifsim= 0.952
0.206 0.265 0.125 0.404
0.850 0.069 0.001 0.080
0.000 0.105 0.102 0.793
0.111 0.081 0.631 0.177
0.000 0.745 0.038 0.217
0.755 0.112 0.018 0.116
0.943 0.000 0.001 0.057
0.848 0.000 0.074 0.078
0.179 0.006 0.172 0.643
0.162 0.320 0.210 0.309
0.496 0.197 0.096 0.211
0.297 0.167 0.344 0.192

MOTIF 7 NFATC2 ?
weight= 3.674 l= 4 w= 15 z-score= 0.84 motifsim= 0.677
0.067 0.247 0.275 0.411
0.105 0.025 0.453 0.417
0.288 0.000 0.205 0.506
0.055 0.062 0.002 0.881
0.025 0.321 0.112 0.542
0.178 0.572 0.129 0.121
0.198 0.723 0.016 0.063
0.314 0.444 0.055 0.188
0.084 0.479 0.158 0.279
0.380 0.074 0.241 0.305
0.234 0.082 0.484 0.200
0.262 0.369 0.097 0.273
0.458 0.036 0.070 0.436
0.107 0.058 0.553 0.282
0.089 0.478 0.376 0.057

MOTIF 8 MEF2
weight= 3.675 l= 4 w= 12 z-score= 0.63 motifsim= 0.914
0.170 0.125 0.228 0.478
0.192 0.138 0.244 0.426
0.183 0.513 0.168 0.136
0.023 0.443 0.000 0.534
0.471 0.138 0.177 0.214
0.467 0.036 0.314 0.183
0.640 0.012 0.216 0.132
0.643 0.039 0.071 0.248
0.707 0.000 0.000 0.293
0.182 0.055 0.000 0.763
0.538 0.072 0.189 0.200
0.218 0.108 0.510 0.164

MOTIF 9 RUNX1
weight= 1.890 l= 4 w= 12 z-score= 5.25 motifsim= 0.935
0.214 0.278 0.119 0.389
0.141 0.335 0.167 0.357
0.040 0.411 0.136 0.413
0.273 0.245 0.030 0.453
0.292 0.155 0.320 0.233
0.602 0.298 0.099 0.000
0.000 0.978 0.022 0.000
0.000 0.973 0.027 0.000
0.781 0.082 0.136 0.000
0.000 0.887 0.087 0.026
0.771 0.000 0.148 0.081
0.310 0.226 0.242 0.222

MOTIF 10 ETS1
weight= 1.299 l= 4 w= 12 z-score= 4.08 motifsim= 0.959
0.178 0.369 0.256 0.197
0.514 0.197 0.210 0.079
0.000 0.657 0.000 0.343
0.234 0.000 0.000 0.766
0.000 0.000 0.000 1.000
0.000 0.998 0.000 0.002
0.000 0.968 0.032 0.000
0.005 0.095 0.166 0.734
0.105 0.143 0.645 0.106
0.134 0.227 0.102 0.537
0.214 0.268 0.260 0.258
0.250 0.263 0.167 0.320

MOTIF 11 bZIP:IRF
weight= 1.086 l= 4 w= 16 z-score= 4.38 motifsim= 0.910
0.663 0.251 0.000 0.086
0.162 0.181 0.586 0.070
0.092 0.056 0.000 0.852
0.180 0.604 0.182 0.034
0.694 0.198 0.005 0.104
0.254 0.031 0.099 0.616
0.358 0.268 0.046 0.327
0.265 0.263 0.152 0.320
0.088 0.181 0.215 0.516
0.000 0.037 0.963 0.000
0.939 0.048 0.000 0.013
0.859 0.000 0.129 0.011
0.944 0.056 0.000 0.000
0.000 0.578 0.386 0.036
0.010 0.111 0.093 0.786
0.148 0.184 0.406 0.261

MOTIF 12 IRF1 ?
weight= 1.399 l= 4 w= 15 z-score= 3.08 motifsim= 0.797
0.563 0.157 0.175 0.105
0.517 0.204 0.280 0.000
0.786 0.051 0.161 0.002
0.238 0.281 0.384 0.097
0.245 0.300 0.000 0.455
0.311 0.063 0.626 0.000
0.624 0.000 0.376 0.000
0.806 0.000 0.083 0.111
1.000 0.000 0.000 0.000
0.229 0.526 0.245 0.000
0.354 0.288 0.091 0.267
0.418 0.130 0.419 0.032
0.708 0.000 0.253 0.039
0.448 0.003 0.411 0.138
0.720 0.118 0.100 0.063

MOTIF 13 PU.1:IRF8
weight= 0.883 l= 4 w= 12 z-score= 6.38 motifsim= 0.969
0.304 0.000 0.517 0.179
0.143 0.039 0.779 0.039
0.939 0.000 0.000 0.061
0.831 0.000 0.000 0.169
0.225 0.293 0.396 0.086
0.000 0.015 0.094 0.891
0.000 0.000 1.000 0.000
0.918 0.000 0.082 0.000
0.672 0.000 0.276 0.052
0.913 0.029 0.000 0.059
0.115 0.398 0.411 0.077
0.290 0.232 0.068 0.410

MOTIF 14 GC ?
weight= 1.928 l= 4 w= 12 z-score= 1.12 motifsim= 0.896
0.151 0.218 0.424 0.207
0.159 0.400 0.264 0.178
0.126 0.362 0.194 0.319
0.358 0.543 0.098 0.000
0.024 0.749 0.039 0.188
0.271 0.000 0.304 0.425
0.000 0.970 0.000 0.030
0.000 0.937 0.063 0.000
0.109 0.662 0.000 0.230
0.273 0.424 0.056 0.247
0.097 0.409 0.191 0.304
0.374 0.095 0.223 0.308

MOTIF 15 RUNX1
weight= 1.214 l= 4 w= 12 z-score= 6.50 motifsim= 0.953
0.285 0.171 0.331 0.214
0.411 0.192 0.315 0.082
0.554 0.244 0.038 0.164
0.725 0.000 0.203 0.073
0.685 0.043 0.272 0.000
0.000 0.988 0.012 0.000
0.000 1.000 0.000 0.000
0.721 0.010 0.110 0.159
0.000 0.920 0.074 0.007
0.627 0.170 0.000 0.204
0.511 0.024 0.344 0.121
0.425 0.147 0.284 0.144

MOTIF 16 Tbet ?
weight= 2.543 l= 4 w= 13 z-score= 2.05 motifsim= 0.616
0.146 0.302 0.552 0.000
0.551 0.059 0.097 0.293
0.271 0.406 0.259 0.064
0.645 0.000 0.063 0.293
0.259 0.094 0.453 0.194
0.373 0.082 0.381 0.164
0.199 0.236 0.254 0.311
0.216 0.173 0.342 0.268
0.000 0.107 0.027 0.866
0.150 0.373 0.318 0.159
0.995 0.000 0.000 0.005
0.136 0.674 0.057 0.133
0.617 0.087 0.028 0.268

MOTIF 17 TBX21 ?
weight= 2.411 l= 4 w= 12 z-score= 1.78 motifsim= 0.695
0.119 0.404 0.476 0.000
0.275 0.242 0.268 0.214
0.391 0.000 0.279 0.330
0.298 0.193 0.318 0.191
0.376 0.299 0.140 0.185
0.193 0.265 0.396 0.147
0.058 0.124 0.000 0.818
0.094 0.143 0.677 0.086
0.610 0.071 0.011 0.308
0.041 0.282 0.677 0.000
0.823 0.112 0.000 0.064
0.727 0.000 0.155 0.118

MOTIF 18 USF ?
weight= 1.887 l= 4 w= 12 z-score= 1.76 motifsim= 0.829
0.393 0.065 0.228 0.314
0.391 0.054 0.555 0.000
0.367 0.445 0.061 0.127
0.000 0.920 0.000 0.080
0.885 0.083 0.032 0.000
0.118 0.504 0.238 0.140
0.275 0.425 0.300 0.000
0.000 0.146 0.108 0.746
0.000 0.350 0.536 0.114
0.351 0.291 0.116 0.242
0.233 0.259 0.109 0.399
0.245 0.225 0.381 0.149

MOTIF 19 COUP-TFII ?
weight= 2.043 l= 4 w= 12 z-score= 2.02 motifsim= 0.790
0.147 0.261 0.361 0.231
0.087 0.423 0.237 0.253
0.328 0.274 0.155 0.243
0.102 0.052 0.216 0.629
0.360 0.000 0.576 0.064
1.000 0.000 0.000 0.000
0.000 0.840 0.007 0.153
0.122 0.659 0.156 0.063
0.414 0.003 0.192 0.391
0.369 0.384 0.015 0.233
0.398 0.113 0.097 0.392
0.248 0.028 0.336 0.388

MOTIF 20 ISRE ?
weight= 1.276 l= 4 w= 15 z-score= 5.77 motifsim= 0.826
0.327 0.031 0.139 0.503
0.528 0.000 0.445 0.027
0.365 0.047 0.588 0.000
0.490 0.200 0.286 0.024
0.669 0.000 0.167 0.164
0.652 0.129 0.054 0.165
0.071 0.477 0.196 0.257
0.489 0.110 0.079 0.322
0.000 0.000 0.897 0.103
0.617 0.100 0.212 0.071
0.795 0.000 0.000 0.205
0.957 0.000 0.000 0.043
0.078 0.623 0.299 0.000
0.000 0.562 0.044 0.394
0.516 0.127 0.000 0.357

