MEME

ALPHABET= ACGT

Correlation with SVM weight vector: 0.677

Max PWM Correlation: 0.900

Background letter frequencies (from negative set)
A 0.27 C 0.23 G 0.23 T 0.27

MOTIF 1 ISRE
weight= 0.269 l= 4 w= 12 z-score= 10.14 motifsim= 0.944
0.233 0.077 0.587 0.103
0.465 0.090 0.446 0.000
0.852 0.000 0.116 0.033
0.851 0.077 0.016 0.056
0.152 0.408 0.236 0.203
0.217 0.099 0.109 0.576
0.000 0.000 1.000 0.000
1.000 0.000 0.000 0.000
0.983 0.000 0.000 0.017
1.000 0.000 0.000 0.000
0.000 0.635 0.365 0.000
0.121 0.376 0.000 0.504

MOTIF 2 NFKB1
weight= 0.357 l= 4 w= 12 z-score= 9.21 motifsim= 0.949
0.104 0.011 0.576 0.309
0.000 0.023 0.977 0.000
0.000 0.000 0.998 0.002
0.573 0.019 0.389 0.020
0.842 0.051 0.107 0.000
0.855 0.025 0.030 0.090
0.214 0.215 0.300 0.271
0.098 0.468 0.042 0.392
0.269 0.731 0.000 0.000
0.017 0.983 0.000 0.000
0.128 0.742 0.129 0.000
0.315 0.134 0.156 0.395

MOTIF 3 RUNX2
weight= 0.713 l= 4 w= 12 z-score= 8.93 motifsim= 0.943
0.177 0.289 0.212 0.322
0.130 0.274 0.194 0.402
0.054 0.392 0.209 0.345
0.281 0.218 0.029 0.472
0.339 0.063 0.394 0.205
0.689 0.123 0.188 0.000
0.000 0.972 0.000 0.028
0.000 0.919 0.081 0.000
0.779 0.029 0.128 0.064
0.130 0.795 0.026 0.050
0.768 0.000 0.133 0.099
0.377 0.141 0.257 0.225

MOTIF 4 PU1
weight= 0.224 l= 4 w= 13 z-score= 8.49 motifsim= 0.906
0.407 0.025 0.269 0.300
0.324 0.130 0.472 0.074
0.421 0.089 0.490 0.000
0.289 0.000 0.675 0.036
0.000 0.000 1.000 0.000
0.871 0.000 0.000 0.129
0.781 0.000 0.000 0.219
0.257 0.192 0.530 0.020
0.000 0.000 0.000 1.000
0.029 0.000 0.971 0.000
0.771 0.000 0.229 0.000
0.468 0.036 0.398 0.097
0.758 0.083 0.014 0.145

MOTIF 5 SpiB
weight= 0.256 l= 4 w= 13 z-score= 7.60 motifsim= 0.940
0.532 0.110 0.299 0.059
0.743 0.019 0.166 0.072
0.939 0.000 0.000 0.061
0.588 0.042 0.117 0.253
0.246 0.133 0.601 0.019
0.598 0.028 0.374 0.000
0.081 0.002 0.917 0.000
0.000 0.000 1.000 0.000
1.000 0.000 0.000 0.000
0.914 0.035 0.000 0.051
0.073 0.374 0.553 0.000
0.152 0.093 0.000 0.755
0.232 0.141 0.416 0.212

MOTIF 6 FOS
weight= 0.384 l= 4 w= 12 z-score= 7.54 motifsim= 0.947
0.351 0.145 0.228 0.275
0.439 0.070 0.168 0.322
0.724 0.095 0.057 0.124
0.007 0.000 0.051 0.942
0.051 0.000 0.725 0.224
0.918 0.000 0.040 0.042
0.035 0.360 0.485 0.119
0.022 0.000 0.000 0.978
0.300 0.700 0.000 0.000
0.887 0.000 0.074 0.039
0.193 0.206 0.329 0.272
0.416 0.449 0.058 0.077

MOTIF 7 RUNX1
weight= 0.413 l= 4 w= 12 z-score= 7.53 motifsim= 0.937
0.342 0.283 0.227 0.148
0.470 0.204 0.189 0.137
0.526 0.214 0.000 0.260
0.965 0.000 0.000 0.035
0.663 0.146 0.191 0.000
0.000 1.000 0.000 0.000
0.000 1.000 0.000 0.000
0.628 0.204 0.026 0.142
0.066 0.809 0.125 0.000
0.542 0.202 0.000 0.256
0.409 0.127 0.271 0.193
0.398 0.205 0.234 0.163

MOTIF 8 ETS1
weight= 0.557 l= 4 w= 12 z-score= 6.98 motifsim= 0.975
0.242 0.316 0.188 0.253
0.452 0.222 0.225 0.101
0.000 0.601 0.005 0.394
0.198 0.000 0.033 0.768
0.000 0.119 0.000 0.881
0.000 1.000 0.000 0.000
0.000 0.982 0.018 0.000
0.000 0.000 0.202 0.798
0.073 0.273 0.466 0.188
0.089 0.307 0.122 0.482
0.217 0.296 0.193 0.295
0.224 0.272 0.180 0.325

MOTIF 9 bZIP:IRF
weight= 0.304 l= 4 w= 15 z-score= 5.34 motifsim= 0.937
0.757 0.051 0.090 0.101
0.072 0.213 0.568 0.147
0.112 0.000 0.000 0.888
0.134 0.728 0.138 0.000
0.737 0.187 0.029 0.047
0.202 0.029 0.137 0.632
0.383 0.195 0.014 0.408
0.255 0.283 0.220 0.242
0.096 0.208 0.140 0.557
0.000 0.000 0.954 0.046
0.823 0.069 0.098 0.010
0.815 0.000 0.185 0.000
0.958 0.042 0.000 0.000
0.144 0.482 0.374 0.000
0.083 0.188 0.042 0.687

MOTIF 10 EBF1
weight= 0.362 l= 4 w= 12 z-score= 5.25 motifsim= 0.906
0.102 0.413 0.028 0.457
0.108 0.822 0.052 0.017
0.086 0.421 0.138 0.354
0.135 0.640 0.041 0.184
0.306 0.188 0.146 0.361
0.270 0.072 0.390 0.268
0.000 0.010 0.990 0.000
0.058 0.000 0.942 0.000
0.000 0.000 1.000 0.000
0.798 0.201 0.001 0.000
0.057 0.358 0.448 0.138
0.032 0.315 0.367 0.287

MOTIF 11 POU2F3
weight= 0.389 l= 4 w= 12 z-score= 4.89 motifsim= 0.967
0.175 0.229 0.138 0.458
0.901 0.057 0.000 0.042
0.000 0.058 0.131 0.811
0.085 0.047 0.696 0.172
0.000 0.653 0.169 0.177
0.815 0.049 0.018 0.118
0.966 0.000 0.000 0.034
0.919 0.000 0.028 0.053
0.137 0.046 0.114 0.703
0.269 0.251 0.186 0.294
0.430 0.179 0.138 0.254
0.302 0.201 0.238 0.259

MOTIF 12 MZF1
weight= 0.344 l= 4 w= 12 z-score= 4.80 motifsim= 0.868
0.327 0.097 0.190 0.386
0.262 0.036 0.702 0.000
0.027 0.000 0.973 0.000
0.000 0.000 1.000 0.000
0.000 0.000 0.953 0.047
0.956 0.044 0.000 0.000
0.160 0.396 0.115 0.328
0.119 0.089 0.000 0.792
0.152 0.135 0.120 0.593
0.142 0.282 0.023 0.552
0.140 0.316 0.153 0.392
0.193 0.181 0.211 0.414

MOTIF 13 IRF1
weight= 0.257 l= 4 w= 17 z-score= 3.63 motifsim= 0.717
0.389 0.170 0.408 0.033
0.771 0.081 0.148 0.000
0.717 0.000 0.283 0.000
0.834 0.000 0.060 0.106
0.354 0.181 0.465 0.000
0.091 0.510 0.007 0.392
0.644 0.000 0.356 0.000
0.489 0.000 0.477 0.034
0.737 0.000 0.065 0.199
0.865 0.053 0.083 0.000
0.081 0.624 0.294 0.000
0.272 0.286 0.000 0.441
0.357 0.000 0.579 0.063
0.722 0.074 0.137 0.066
0.408 0.000 0.584 0.008
0.999 0.001 0.000 0.000
0.502 0.083 0.203 0.213

MOTIF 14 ZNF75D
weight= 0.637 l= 4 w= 12 z-score= 2.18 motifsim= 0.731
0.221 0.473 0.254 0.051
0.395 0.095 0.165 0.344
0.312 0.000 0.525 0.163
0.162 0.375 0.397 0.065
0.175 0.278 0.128 0.419
0.000 0.291 0.709 0.000
0.020 0.000 0.087 0.894
0.109 0.071 0.597 0.223
0.380 0.103 0.283 0.234
0.301 0.244 0.455 0.000
0.882 0.000 0.118 0.000
0.499 0.246 0.158 0.097

MOTIF 15 Pax2
weight= 1.000 l= 4 w= 12 z-score= 1.71 motifsim= 0.748
0.264 0.072 0.262 0.403
0.149 0.267 0.304 0.280
0.179 0.455 0.035 0.331
0.436 0.057 0.118 0.389
0.146 0.224 0.475 0.155
0.165 0.227 0.000 0.608
0.001 0.767 0.169 0.063
0.747 0.000 0.057 0.196
0.291 0.217 0.073 0.419
0.045 0.299 0.656 0.000
0.071 0.476 0.000 0.453
0.375 0.145 0.285 0.194

MOTIF 16 V_MEF2_04
weight= 0.916 l= 4 w= 16 z-score= 1.17 motifsim= 0.720
0.252 0.035 0.429 0.284
0.000 0.000 0.997 0.003
0.261 0.060 0.000 0.679
0.000 0.000 0.069 0.931
0.099 0.502 0.126 0.273
0.220 0.638 0.036 0.106
0.226 0.308 0.112 0.354
0.376 0.156 0.209 0.259
0.376 0.102 0.267 0.255
0.458 0.092 0.213 0.236
0.468 0.131 0.164 0.237
0.464 0.141 0.001 0.393
0.193 0.000 0.090 0.717
0.670 0.011 0.319 0.000
0.025 0.102 0.873 0.000
0.306 0.291 0.337 0.066

MOTIF 17 MZF1_1-4
weight= -1.528 l= 4 w= 15 z-score= -0.61 motifsim= 0.775
0.255 0.305 0.242 0.198
0.292 0.206 0.259 0.243
0.381 0.204 0.204 0.210
0.265 0.248 0.263 0.225
0.333 0.149 0.225 0.293
0.262 0.189 0.309 0.239
0.451 0.080 0.247 0.222
0.277 0.198 0.525 0.000
0.344 0.193 0.000 0.462
0.009 0.488 0.147 0.355
0.000 0.957 0.025 0.018
0.081 0.892 0.027 0.000
0.135 0.573 0.055 0.237
0.454 0.178 0.158 0.210
0.412 0.120 0.191 0.277

MOTIF 18 V_NFAT_Q6
weight= -1.025 l= 4 w= 15 z-score= -1.18 motifsim= 0.723
0.406 0.049 0.100 0.446
0.368 0.000 0.497 0.135
0.487 0.000 0.365 0.149
0.501 0.017 0.264 0.218
0.445 0.083 0.245 0.227
0.394 0.134 0.259 0.213
0.475 0.093 0.124 0.308
0.253 0.261 0.300 0.186
0.575 0.149 0.000 0.276
0.100 0.000 0.701 0.199
0.000 0.034 0.930 0.037
0.404 0.066 0.452 0.079
0.990 0.000 0.010 0.000
0.527 0.014 0.252 0.207
0.475 0.000 0.226 0.300

MOTIF 19 NFIC
weight= -0.982 l= 4 w= 15 z-score= -2.04 motifsim= 0.668
0.127 0.276 0.536 0.061
0.000 0.000 0.068 0.932
0.159 0.646 0.119 0.075
0.000 0.522 0.223 0.255
0.236 0.284 0.073 0.407
0.216 0.267 0.278 0.240
0.205 0.268 0.249 0.278
0.122 0.317 0.238 0.323
0.236 0.130 0.235 0.399
0.132 0.174 0.261 0.434
0.261 0.056 0.239 0.444
0.000 0.259 0.310 0.431
0.000 0.976 0.024 0.000
0.151 0.848 0.001 0.000
0.864 0.000 0.136 0.000

MOTIF 20 Foxl1_secondary
weight= -0.823 l= 4 w= 15 z-score= -2.11 motifsim= 0.707
0.543 0.000 0.318 0.139
0.262 0.061 0.367 0.310
0.620 0.044 0.219 0.117
0.669 0.063 0.010 0.258
0.450 0.089 0.107 0.354
0.111 0.181 0.248 0.460
0.167 0.390 0.152 0.291
0.450 0.232 0.042 0.276
0.499 0.061 0.237 0.203
0.756 0.083 0.073 0.088
0.000 0.419 0.112 0.469
0.766 0.025 0.000 0.209
0.675 0.094 0.000 0.231
0.615 0.282 0.045 0.058
0.465 0.250 0.053 0.233

MOTIF 21 ETS1
weight= -1.236 l= 4 w= 15 z-score= -2.42 motifsim= 0.737
0.345 0.152 0.045 0.458
0.000 0.000 0.068 0.932
0.000 1.000 0.000 0.000
0.000 1.000 0.000 0.000
0.403 0.231 0.000 0.366
0.309 0.131 0.300 0.261
0.371 0.187 0.349 0.093
0.343 0.133 0.288 0.235
0.290 0.133 0.365 0.212
0.387 0.225 0.179 0.209
0.343 0.143 0.213 0.301
0.354 0.108 0.310 0.227
0.196 0.067 0.551 0.186
0.119 0.000 0.786 0.095
0.858 0.000 0.142 0.000

