MOTIF 1
ISRE
12
0.233 0.077 0.587 0.103
0.465 0.090 0.446 0.000
0.852 0.000 0.116 0.033
0.851 0.077 0.016 0.056
0.152 0.408 0.236 0.203
0.217 0.099 0.109 0.576
0.000 0.000 1.000 0.000
1.000 0.000 0.000 0.000
0.983 0.000 0.000 0.017
1.000 0.000 0.000 0.000
0.000 0.635 0.365 0.000
0.121 0.376 0.000 0.504

MOTIF 2
ISRE
12
0.504 0.000 0.376 0.121
0.000 0.365 0.635 0.000
0.000 0.000 0.000 1.000
0.017 0.000 0.000 0.983
0.000 0.000 0.000 1.000
0.000 1.000 0.000 0.000
0.576 0.109 0.099 0.217
0.203 0.236 0.408 0.152
0.056 0.016 0.077 0.851
0.033 0.116 0.000 0.852
0.000 0.446 0.090 0.465
0.103 0.587 0.077 0.233

MOTIF 3
NFKB1
11
0.104 0.011 0.576 0.309
0.000 0.023 0.977 0.000
0.000 0.000 0.998 0.002
0.573 0.019 0.389 0.020
0.842 0.051 0.107 0.000
0.855 0.025 0.030 0.090
0.214 0.215 0.300 0.271
0.098 0.468 0.042 0.392
0.269 0.731 0.000 0.000
0.017 0.983 0.000 0.000
0.128 0.742 0.129 0.000

MOTIF 4
NFKB1
11
0.000 0.129 0.742 0.128
0.000 0.000 0.983 0.017
0.000 0.000 0.731 0.269
0.392 0.042 0.468 0.098
0.271 0.300 0.215 0.214
0.090 0.030 0.025 0.855
0.000 0.107 0.051 0.842
0.020 0.389 0.019 0.573
0.002 0.998 0.000 0.000
0.000 0.977 0.023 0.000
0.309 0.576 0.011 0.104

MOTIF 5
RUNX1
8
0.281 0.218 0.029 0.472
0.339 0.063 0.394 0.205
0.689 0.123 0.188 0.000
0.000 0.972 0.000 0.028
0.000 0.919 0.081 0.000
0.779 0.029 0.128 0.064
0.130 0.795 0.026 0.050
0.768 0.000 0.133 0.099

MOTIF 6
RUNX1
8
0.099 0.133 0.000 0.768
0.050 0.026 0.795 0.130
0.064 0.128 0.029 0.779
0.000 0.081 0.919 0.000
0.028 0.000 0.972 0.000
0.000 0.188 0.123 0.689
0.205 0.394 0.063 0.339
0.472 0.029 0.218 0.281

MOTIF 7
PU1
13
0.407 0.025 0.269 0.300
0.324 0.130 0.472 0.074
0.421 0.089 0.490 0.000
0.289 0.000 0.675 0.036
0.000 0.000 1.000 0.000
0.871 0.000 0.000 0.129
0.781 0.000 0.000 0.219
0.257 0.192 0.530 0.020
0.000 0.000 0.000 1.000
0.029 0.000 0.971 0.000
0.771 0.000 0.229 0.000
0.468 0.036 0.398 0.097
0.758 0.083 0.014 0.145

MOTIF 8
PU1
13
0.145 0.014 0.083 0.758
0.097 0.398 0.036 0.468
0.000 0.229 0.000 0.771
0.000 0.971 0.000 0.029
1.000 0.000 0.000 0.000
0.020 0.530 0.192 0.257
0.219 0.000 0.000 0.781
0.129 0.000 0.000 0.871
0.000 1.000 0.000 0.000
0.036 0.675 0.000 0.289
0.000 0.490 0.089 0.421
0.074 0.472 0.130 0.324
0.300 0.269 0.025 0.407

MOTIF 9
SpiB
12
0.532 0.110 0.299 0.059
0.743 0.019 0.166 0.072
0.939 0.000 0.000 0.061
0.588 0.042 0.117 0.253
0.246 0.133 0.601 0.019
0.598 0.028 0.374 0.000
0.081 0.002 0.917 0.000
0.000 0.000 1.000 0.000
1.000 0.000 0.000 0.000
0.914 0.035 0.000 0.051
0.073 0.374 0.553 0.000
0.152 0.093 0.000 0.755

MOTIF 10
SpiB
12
0.755 0.000 0.093 0.152
0.000 0.553 0.374 0.073
0.051 0.000 0.035 0.914
0.000 0.000 0.000 1.000
0.000 1.000 0.000 0.000
0.000 0.917 0.002 0.081
0.000 0.374 0.028 0.598
0.019 0.601 0.133 0.246
0.253 0.117 0.042 0.588
0.061 0.000 0.000 0.939
0.072 0.166 0.019 0.743
0.059 0.299 0.110 0.532

MOTIF 11
FOS
11
0.439 0.070 0.168 0.322
0.724 0.095 0.057 0.124
0.007 0.000 0.051 0.942
0.051 0.000 0.725 0.224
0.918 0.000 0.040 0.042
0.035 0.360 0.485 0.119
0.022 0.000 0.000 0.978
0.300 0.700 0.000 0.000
0.887 0.000 0.074 0.039
0.193 0.206 0.329 0.272
0.416 0.449 0.058 0.077

MOTIF 12
FOS
11
0.077 0.058 0.449 0.416
0.272 0.329 0.206 0.193
0.039 0.074 0.000 0.887
0.000 0.000 0.700 0.300
0.978 0.000 0.000 0.022
0.119 0.485 0.360 0.035
0.042 0.040 0.000 0.918
0.224 0.725 0.000 0.051
0.942 0.051 0.000 0.007
0.124 0.057 0.095 0.724
0.322 0.168 0.070 0.439

MOTIF 13
ETS1
8
0.000 0.601 0.005 0.394
0.198 0.000 0.033 0.768
0.000 0.119 0.000 0.881
0.000 1.000 0.000 0.000
0.000 0.982 0.018 0.000
0.000 0.000 0.202 0.798
0.073 0.273 0.466 0.188
0.089 0.307 0.122 0.482

MOTIF 14
ETS1
8
0.482 0.122 0.307 0.089
0.188 0.466 0.273 0.073
0.798 0.202 0.000 0.000
0.000 0.018 0.982 0.000
0.000 0.000 1.000 0.000
0.881 0.000 0.119 0.000
0.768 0.033 0.000 0.198
0.394 0.005 0.601 0.000

MOTIF 15
bZIP:IRF
15
0.757 0.051 0.090 0.101
0.072 0.213 0.568 0.147
0.112 0.000 0.000 0.888
0.134 0.728 0.138 0.000
0.737 0.187 0.029 0.047
0.202 0.029 0.137 0.632
0.383 0.195 0.014 0.408
0.255 0.283 0.220 0.242
0.096 0.208 0.140 0.557
0.000 0.000 0.954 0.046
0.823 0.069 0.098 0.010
0.815 0.000 0.185 0.000
0.958 0.042 0.000 0.000
0.144 0.482 0.374 0.000
0.083 0.188 0.042 0.687

MOTIF 16
bZIP:IRF
15
0.687 0.042 0.188 0.083
0.000 0.374 0.482 0.144
0.000 0.000 0.042 0.958
0.000 0.185 0.000 0.815
0.010 0.098 0.069 0.823
0.046 0.954 0.000 0.000
0.557 0.140 0.208 0.096
0.242 0.220 0.283 0.255
0.408 0.014 0.195 0.383
0.632 0.137 0.029 0.202
0.047 0.029 0.187 0.737
0.000 0.138 0.728 0.134
0.888 0.000 0.000 0.112
0.147 0.568 0.213 0.072
0.101 0.090 0.051 0.757

MOTIF 17
EBF1
12
0.102 0.413 0.028 0.457
0.108 0.822 0.052 0.017
0.086 0.421 0.138 0.354
0.135 0.640 0.041 0.184
0.306 0.188 0.146 0.361
0.270 0.072 0.390 0.268
0.000 0.010 0.990 0.000
0.058 0.000 0.942 0.000
0.000 0.000 1.000 0.000
0.798 0.201 0.001 0.000
0.057 0.358 0.448 0.138
0.032 0.315 0.367 0.287

MOTIF 18
EBF1
12
0.287 0.367 0.315 0.032
0.138 0.448 0.358 0.057
0.000 0.001 0.201 0.798
0.000 1.000 0.000 0.000
0.000 0.942 0.000 0.058
0.000 0.990 0.010 0.000
0.268 0.390 0.072 0.270
0.361 0.146 0.188 0.306
0.184 0.041 0.640 0.135
0.354 0.138 0.421 0.086
0.017 0.052 0.822 0.108
0.457 0.028 0.413 0.102

MOTIF 19
POU2F3
8
0.901 0.057 0.000 0.042
0.000 0.058 0.131 0.811
0.085 0.047 0.696 0.172
0.000 0.653 0.169 0.177
0.815 0.049 0.018 0.118
0.966 0.000 0.000 0.034
0.919 0.000 0.028 0.053
0.137 0.046 0.114 0.703

MOTIF 20
POU2F3
8
0.703 0.114 0.046 0.137
0.053 0.028 0.000 0.919
0.034 0.000 0.000 0.966
0.118 0.018 0.049 0.815
0.177 0.169 0.653 0.000
0.172 0.696 0.047 0.085
0.811 0.131 0.058 0.000
0.042 0.000 0.057 0.901

MOTIF 21
MZF1_1-4
9
0.262 0.036 0.702 0.000
0.027 0.000 0.973 0.000
0.000 0.000 1.000 0.000
0.000 0.000 0.953 0.047
0.956 0.044 0.000 0.000
0.160 0.396 0.115 0.328
0.119 0.089 0.000 0.792
0.152 0.135 0.120 0.593
0.142 0.282 0.023 0.552

MOTIF 22
MZF1_1-4
9
0.552 0.023 0.282 0.142
0.593 0.120 0.135 0.152
0.792 0.000 0.089 0.119
0.328 0.115 0.396 0.160
0.000 0.000 0.044 0.956
0.047 0.953 0.000 0.000
0.000 1.000 0.000 0.000
0.000 0.973 0.000 0.027
0.000 0.702 0.036 0.262

MOTIF 23
ETS:RUNX
12
0.456 0.109 0.328 0.107
0.231 0.506 0.263 0.001
0.904 0.085 0.001 0.010
0.001 0.001 0.997 0.001
0.007 0.001 0.991 0.001
0.997 0.001 0.001 0.001
0.412 0.001 0.001 0.586
0.001 0.001 0.997 0.001
0.001 0.001 0.001 0.997
0.001 0.001 0.997 0.001
0.001 0.001 0.997 0.001
0.001 0.192 0.263 0.545

MOTIF 24
ETS:RUNX
12
0.545 0.263 0.192 0.001
0.001 0.997 0.001 0.001
0.001 0.997 0.001 0.001
0.997 0.001 0.001 0.001
0.001 0.997 0.001 0.001
0.586 0.001 0.001 0.412
0.001 0.001 0.001 0.997
0.001 0.991 0.001 0.007
0.001 0.997 0.001 0.001
0.010 0.001 0.085 0.904
0.001 0.263 0.506 0.231
0.107 0.328 0.109 0.456

MOTIF 25
T1ISRE
12
0.924 0.039 0.036 0.001
0.001 0.856 0.142 0.001
0.001 0.001 0.001 0.997
0.001 0.001 0.001 0.997
0.001 0.001 0.001 0.997
0.001 0.898 0.052 0.049
0.215 0.001 0.783 0.001
0.001 0.001 0.001 0.997
0.001 0.001 0.001 0.997
0.001 0.059 0.001 0.939
0.052 0.799 0.001 0.148
0.001 0.107 0.046 0.847

MOTIF 26
T1ISRE
12
0.847 0.046 0.107 0.001
0.148 0.001 0.799 0.052
0.939 0.001 0.059 0.001
0.997 0.001 0.001 0.001
0.997 0.001 0.001 0.001
0.001 0.783 0.001 0.215
0.049 0.052 0.898 0.001
0.997 0.001 0.001 0.001
0.997 0.001 0.001 0.001
0.997 0.001 0.001 0.001
0.001 0.142 0.856 0.001
0.001 0.036 0.039 0.924

MOTIF 27
V_MEF2_04
18
0.070 0.090 0.070 0.770
0.070 0.000 0.840 0.090
0.090 0.000 0.070 0.840
0.000 0.011 0.044 0.945
0.630 0.010 0.200 0.160
0.000 0.980 0.020 0.000
0.000 0.020 0.000 0.980
0.910 0.020 0.000 0.070
0.680 0.000 0.000 0.320
1.000 0.000 0.000 0.000
1.000 0.000 0.000 0.000
1.000 0.000 0.000 0.000
0.000 0.020 0.000 0.980
1.000 0.000 0.000 0.000
0.020 0.000 0.980 0.000
0.800 0.090 0.060 0.050
0.720 0.060 0.000 0.220
0.434 0.364 0.020 0.182

MOTIF 28
V_MEF2_04
18
0.182 0.020 0.364 0.434
0.220 0.000 0.060 0.720
0.050 0.060 0.090 0.800
0.000 0.980 0.000 0.020
0.000 0.000 0.000 1.000
0.980 0.000 0.020 0.000
0.000 0.000 0.000 1.000
0.000 0.000 0.000 1.000
0.000 0.000 0.000 1.000
0.320 0.000 0.000 0.680
0.070 0.000 0.020 0.910
0.980 0.000 0.020 0.000
0.000 0.020 0.980 0.000
0.160 0.200 0.010 0.630
0.945 0.044 0.011 0.000
0.840 0.070 0.000 0.090
0.090 0.840 0.000 0.070
0.770 0.070 0.090 0.070

MOTIF 29
Eomes_primary
10
0.655 0.008 0.262 0.075
0.096 0.022 0.844 0.038
0.002 0.008 0.977 0.013
0.003 0.081 0.001 0.915
0.007 0.002 0.990 0.001
0.040 0.099 0.003 0.858
0.009 0.039 0.845 0.107
0.985 0.002 0.009 0.004
0.790 0.102 0.029 0.079
0.650 0.140 0.090 0.120

MOTIF 30
Eomes_primary
10
0.120 0.090 0.140 0.650
0.079 0.029 0.102 0.790
0.004 0.009 0.002 0.985
0.107 0.845 0.039 0.009
0.858 0.003 0.099 0.040
0.001 0.990 0.002 0.007
0.915 0.001 0.081 0.003
0.013 0.977 0.008 0.002
0.038 0.844 0.022 0.096
0.075 0.262 0.008 0.655

MOTIF 31
MITF
9
0.084 0.202 0.160 0.554
0.001 0.990 0.008 0.001
0.542 0.093 0.130 0.235
0.012 0.366 0.026 0.596
0.123 0.026 0.850 0.001
0.081 0.011 0.091 0.817
0.001 0.001 0.990 0.008
0.739 0.040 0.156 0.065
0.023 0.764 0.039 0.174

MOTIF 32
MITF
9
0.174 0.039 0.764 0.023
0.065 0.156 0.040 0.739
0.008 0.990 0.001 0.001
0.817 0.091 0.011 0.081
0.001 0.850 0.026 0.123
0.596 0.026 0.366 0.012
0.235 0.130 0.093 0.542
0.001 0.008 0.990 0.001
0.554 0.160 0.202 0.084

MOTIF 33
Znf281
11
0.182 0.134 0.539 0.145
0.152 0.164 0.571 0.113
0.001 0.035 0.004 0.959
0.003 0.013 0.982 0.002
0.004 0.025 0.968 0.004
0.005 0.020 0.971 0.004
0.003 0.018 0.975 0.004
0.003 0.006 0.983 0.008
0.990 0.007 0.001 0.002
0.112 0.064 0.657 0.168
0.057 0.054 0.841 0.048

MOTIF 34
Znf281
11
0.048 0.841 0.054 0.057
0.168 0.657 0.064 0.112
0.002 0.001 0.007 0.990
0.008 0.983 0.006 0.003
0.004 0.975 0.018 0.003
0.004 0.971 0.020 0.005
0.004 0.968 0.025 0.004
0.002 0.982 0.013 0.003
0.959 0.004 0.035 0.001
0.113 0.571 0.164 0.152
0.145 0.539 0.134 0.182

MOTIF 35
Pax8
15
0.045 0.107 0.610 0.238
0.092 0.281 0.144 0.483
0.001 0.857 0.020 0.122
0.662 0.199 0.026 0.113
0.083 0.314 0.109 0.494
0.108 0.019 0.872 0.001
0.001 0.676 0.322 0.001
0.291 0.343 0.054 0.313
0.049 0.027 0.001 0.923
0.001 0.240 0.758 0.001
0.415 0.171 0.412 0.001
0.082 0.704 0.177 0.037
0.054 0.001 0.001 0.944
0.003 0.001 0.929 0.067
0.275 0.436 0.288 0.001

MOTIF 36
Pax8
15
0.001 0.288 0.436 0.275
0.067 0.929 0.001 0.003
0.944 0.001 0.001 0.054
0.037 0.177 0.704 0.082
0.001 0.412 0.171 0.415
0.001 0.758 0.240 0.001
0.923 0.001 0.027 0.049
0.313 0.054 0.343 0.291
0.001 0.322 0.676 0.001
0.001 0.872 0.019 0.108
0.494 0.109 0.314 0.083
0.113 0.026 0.199 0.662
0.122 0.020 0.857 0.001
0.483 0.144 0.281 0.092
0.238 0.610 0.107 0.045

MOTIF 37
Sp1
12
0.181 0.218 0.541 0.060
0.050 0.001 0.948 0.001
0.013 0.870 0.061 0.056
0.033 0.815 0.001 0.151
0.049 0.949 0.001 0.001
0.001 0.997 0.001 0.001
0.025 0.001 0.973 0.001
0.001 0.997 0.001 0.001
0.001 0.997 0.001 0.001
0.001 0.881 0.001 0.117
0.103 0.824 0.001 0.071
0.037 0.512 0.221 0.230

MOTIF 38
Sp1
12
0.230 0.221 0.512 0.037
0.071 0.001 0.824 0.103
0.117 0.001 0.881 0.001
0.001 0.001 0.997 0.001
0.001 0.001 0.997 0.001
0.001 0.973 0.001 0.025
0.001 0.001 0.997 0.001
0.001 0.001 0.949 0.049
0.151 0.001 0.815 0.033
0.056 0.061 0.870 0.013
0.001 0.948 0.001 0.050
0.060 0.541 0.218 0.181

