MOTIF 1
IRF1
16
0.181 0.062 0.750 0.007
0.869 0.000 0.131 0.000
0.988 0.012 0.000 0.000
0.205 0.418 0.200 0.177
0.188 0.235 0.082 0.494
0.216 0.000 0.784 0.000
0.895 0.009 0.096 0.000
0.794 0.000 0.161 0.046
1.000 0.000 0.000 0.000
0.092 0.515 0.394 0.000
0.219 0.201 0.000 0.580
0.161 0.118 0.713 0.008
0.784 0.027 0.090 0.099
0.656 0.043 0.236 0.065
0.971 0.000 0.000 0.029
0.235 0.396 0.369 0.000

MOTIF 2
IRF1
16
0.000 0.369 0.396 0.235
0.029 0.000 0.000 0.971
0.065 0.236 0.043 0.656
0.099 0.090 0.027 0.784
0.008 0.713 0.118 0.161
0.580 0.000 0.201 0.219
0.000 0.394 0.515 0.092
0.000 0.000 0.000 1.000
0.046 0.161 0.000 0.794
0.000 0.096 0.009 0.895
0.000 0.784 0.000 0.216
0.494 0.082 0.235 0.188
0.177 0.200 0.418 0.205
0.000 0.000 0.012 0.988
0.000 0.131 0.000 0.869
0.007 0.750 0.062 0.181

MOTIF 3
NFKB1
13
0.222 0.024 0.618 0.136
0.064 0.054 0.581 0.301
0.069 0.050 0.881 0.000
0.000 0.008 0.943 0.049
0.576 0.124 0.238 0.062
0.873 0.007 0.120 0.000
0.614 0.036 0.178 0.171
0.131 0.252 0.211 0.407
0.147 0.584 0.005 0.264
0.210 0.785 0.005 0.000
0.042 0.958 0.000 0.000
0.076 0.705 0.114 0.105
0.414 0.040 0.113 0.434

MOTIF 4
NFKB1
13
0.434 0.113 0.040 0.414
0.105 0.114 0.705 0.076
0.000 0.000 0.958 0.042
0.000 0.005 0.785 0.210
0.264 0.005 0.584 0.147
0.407 0.211 0.252 0.131
0.171 0.178 0.036 0.614
0.000 0.120 0.007 0.873
0.062 0.238 0.124 0.576
0.049 0.943 0.008 0.000
0.000 0.881 0.050 0.069
0.301 0.581 0.054 0.064
0.136 0.618 0.024 0.222

MOTIF 5
RUNX1
7
0.974 0.000 0.026 0.000
0.832 0.126 0.042 0.000
0.074 0.924 0.000 0.001
0.000 0.977 0.023 0.000
0.518 0.207 0.125 0.149
0.100 0.655 0.138 0.107
0.473 0.189 0.052 0.286

MOTIF 6
RUNX1
7
0.286 0.052 0.189 0.473
0.107 0.138 0.655 0.100
0.149 0.125 0.207 0.518
0.000 0.023 0.977 0.000
0.001 0.000 0.924 0.074
0.000 0.042 0.126 0.832
0.000 0.026 0.000 0.974

MOTIF 7
FOS
9
0.350 0.000 0.256 0.394
0.731 0.130 0.000 0.139
0.013 0.000 0.013 0.975
0.087 0.006 0.744 0.163
1.000 0.000 0.000 0.000
0.088 0.400 0.369 0.143
0.000 0.000 0.000 1.000
0.368 0.530 0.081 0.022
0.724 0.072 0.102 0.103

MOTIF 8
FOS
9
0.103 0.102 0.072 0.724
0.022 0.081 0.530 0.368
1.000 0.000 0.000 0.000
0.143 0.369 0.400 0.088
0.000 0.000 0.000 1.000
0.163 0.744 0.006 0.087
0.975 0.013 0.000 0.013
0.139 0.000 0.130 0.731
0.394 0.256 0.000 0.350

MOTIF 9
bZIP:IRF
14
0.101 0.155 0.618 0.126
0.309 0.015 0.021 0.655
0.237 0.394 0.247 0.122
0.545 0.242 0.079 0.134
0.326 0.055 0.153 0.466
0.397 0.184 0.066 0.352
0.241 0.237 0.244 0.279
0.222 0.132 0.110 0.536
0.000 0.001 0.999 0.000
0.889 0.111 0.000 0.000
0.891 0.000 0.020 0.089
0.920 0.080 0.000 0.000
0.072 0.589 0.286 0.053
0.047 0.425 0.000 0.528

MOTIF 10
bZIP:IRF
14
0.528 0.000 0.425 0.047
0.053 0.286 0.589 0.072
0.000 0.000 0.080 0.920
0.089 0.020 0.000 0.891
0.000 0.000 0.111 0.889
0.000 0.999 0.001 0.000
0.536 0.110 0.132 0.222
0.279 0.244 0.237 0.241
0.352 0.066 0.184 0.397
0.466 0.153 0.055 0.326
0.134 0.079 0.242 0.545
0.122 0.247 0.394 0.237
0.655 0.021 0.015 0.309
0.126 0.618 0.155 0.101

MOTIF 11
PU1
13
0.328 0.006 0.403 0.263
0.352 0.000 0.562 0.086
0.465 0.121 0.414 0.000
0.239 0.000 0.761 0.000
0.000 0.027 0.973 0.000
0.843 0.000 0.000 0.157
0.777 0.000 0.007 0.216
0.163 0.218 0.540 0.079
0.069 0.000 0.043 0.889
0.116 0.000 0.881 0.003
0.684 0.000 0.253 0.063
0.446 0.034 0.364 0.157
0.774 0.089 0.050 0.086

MOTIF 12
PU1
13
0.086 0.050 0.089 0.774
0.157 0.364 0.034 0.446
0.063 0.253 0.000 0.684
0.003 0.881 0.000 0.116
0.889 0.043 0.000 0.069
0.079 0.540 0.218 0.163
0.216 0.007 0.000 0.777
0.157 0.000 0.000 0.843
0.000 0.973 0.027 0.000
0.000 0.761 0.000 0.239
0.000 0.414 0.121 0.465
0.086 0.562 0.000 0.352
0.263 0.403 0.006 0.328

MOTIF 13
SpiB
13
0.420 0.180 0.020 0.381
0.448 0.171 0.306 0.075
0.822 0.093 0.000 0.085
0.921 0.000 0.003 0.076
0.644 0.041 0.064 0.251
0.213 0.157 0.629 0.000
0.540 0.102 0.358 0.000
0.171 0.008 0.821 0.000
0.000 0.028 0.972 0.000
1.000 0.000 0.000 0.000
0.889 0.003 0.000 0.108
0.036 0.452 0.512 0.000
0.126 0.188 0.000 0.687

MOTIF 14
SpiB
13
0.687 0.000 0.188 0.126
0.000 0.512 0.452 0.036
0.108 0.000 0.003 0.889
0.000 0.000 0.000 1.000
0.000 0.972 0.028 0.000
0.000 0.821 0.008 0.171
0.000 0.358 0.102 0.540
0.000 0.629 0.157 0.213
0.251 0.064 0.041 0.644
0.076 0.003 0.000 0.921
0.085 0.000 0.093 0.822
0.075 0.306 0.171 0.448
0.381 0.020 0.180 0.420

MOTIF 15
NFKB1
9
0.020 0.000 0.942 0.038
0.014 0.000 0.769 0.217
0.042 0.000 0.953 0.005
0.466 0.013 0.439 0.082
0.067 0.430 0.182 0.321
0.092 0.000 0.000 0.908
0.036 0.144 0.158 0.662
0.000 0.110 0.000 0.890
0.152 0.339 0.076 0.433

MOTIF 16
NFKB1
9
0.433 0.076 0.339 0.152
0.890 0.000 0.110 0.000
0.662 0.158 0.144 0.036
0.908 0.000 0.000 0.092
0.321 0.182 0.430 0.067
0.082 0.439 0.013 0.466
0.005 0.953 0.000 0.042
0.217 0.769 0.000 0.014
0.038 0.942 0.000 0.020

MOTIF 17
EBF1
10
0.188 0.422 0.054 0.336
0.201 0.799 0.000 0.000
0.139 0.402 0.137 0.322
0.113 0.591 0.097 0.199
0.350 0.210 0.109 0.331
0.374 0.101 0.289 0.236
0.004 0.053 0.903 0.040
0.173 0.000 0.827 0.000
0.000 0.000 1.000 0.000
0.738 0.262 0.000 0.000

MOTIF 18
EBF1
10
0.000 0.000 0.262 0.738
0.000 1.000 0.000 0.000
0.000 0.827 0.000 0.173
0.040 0.903 0.053 0.004
0.236 0.289 0.101 0.374
0.331 0.109 0.210 0.350
0.199 0.097 0.591 0.113
0.322 0.137 0.402 0.139
0.000 0.000 0.799 0.201
0.336 0.054 0.422 0.188

MOTIF 19
POU5F1
8
0.828 0.105 0.000 0.068
0.007 0.069 0.097 0.826
0.044 0.083 0.607 0.266
0.005 0.678 0.082 0.234
0.677 0.083 0.062 0.178
0.943 0.000 0.000 0.057
0.753 0.004 0.077 0.165
0.197 0.082 0.192 0.529

MOTIF 20
POU5F1
8
0.529 0.192 0.082 0.197
0.165 0.077 0.004 0.753
0.057 0.000 0.000 0.943
0.178 0.062 0.083 0.677
0.234 0.082 0.678 0.005
0.266 0.607 0.083 0.044
0.826 0.097 0.069 0.007
0.068 0.000 0.105 0.828

MOTIF 21
V_IRF2_01
13
0.000 0.067 0.933 0.000
1.000 0.000 0.000 0.000
0.933 0.000 0.000 0.067
1.000 0.000 0.000 0.000
1.000 0.000 0.000 0.000
0.000 0.077 0.923 0.000
0.000 0.467 0.000 0.533
0.000 0.000 1.000 0.000
1.000 0.000 0.000 0.000
1.000 0.000 0.000 0.000
1.000 0.000 0.000 0.000
0.000 0.533 0.467 0.000
0.000 0.534 0.133 0.333

MOTIF 22
V_IRF2_01
13
0.333 0.133 0.534 0.000
0.000 0.467 0.533 0.000
0.000 0.000 0.000 1.000
0.000 0.000 0.000 1.000
0.000 0.000 0.000 1.000
0.000 1.000 0.000 0.000
0.533 0.000 0.467 0.000
0.000 0.923 0.077 0.000
0.000 0.000 0.000 1.000
0.000 0.000 0.000 1.000
0.067 0.000 0.000 0.933
0.000 0.000 0.000 1.000
0.000 0.933 0.067 0.000

MOTIF 23
EWS:FLI1-fusion
9
0.638 0.001 0.201 0.160
0.001 0.997 0.001 0.001
0.802 0.196 0.001 0.001
0.001 0.001 0.997 0.001
0.001 0.001 0.997 0.001
0.997 0.001 0.001 0.001
0.997 0.001 0.001 0.001
0.644 0.001 0.354 0.001
0.001 0.309 0.001 0.689

MOTIF 24
EWS:FLI1-fusion
9
0.689 0.001 0.309 0.001
0.001 0.354 0.001 0.644
0.001 0.001 0.001 0.997
0.001 0.001 0.001 0.997
0.001 0.997 0.001 0.001
0.001 0.997 0.001 0.001
0.001 0.001 0.196 0.802
0.001 0.001 0.997 0.001
0.160 0.201 0.001 0.638

MOTIF 25
T1ISRE
12
0.924 0.039 0.036 0.001
0.001 0.856 0.142 0.001
0.001 0.001 0.001 0.997
0.001 0.001 0.001 0.997
0.001 0.001 0.001 0.997
0.001 0.898 0.052 0.049
0.215 0.001 0.783 0.001
0.001 0.001 0.001 0.997
0.001 0.001 0.001 0.997
0.001 0.059 0.001 0.939
0.052 0.799 0.001 0.148
0.001 0.107 0.046 0.847

MOTIF 26
T1ISRE
12
0.847 0.046 0.107 0.001
0.148 0.001 0.799 0.052
0.939 0.001 0.059 0.001
0.997 0.001 0.001 0.001
0.997 0.001 0.001 0.001
0.001 0.783 0.001 0.215
0.049 0.052 0.898 0.001
0.997 0.001 0.001 0.001
0.997 0.001 0.001 0.001
0.997 0.001 0.001 0.001
0.001 0.142 0.856 0.001
0.001 0.036 0.039 0.924

MOTIF 27
PAX3:FKHR-fusion
13
0.589 0.052 0.146 0.214
0.003 0.595 0.401 0.001
0.001 0.746 0.001 0.252
0.472 0.006 0.505 0.017
0.018 0.001 0.075 0.906
0.194 0.003 0.787 0.015
0.782 0.015 0.102 0.100
0.087 0.911 0.001 0.001
0.222 0.101 0.025 0.652
0.958 0.002 0.039 0.001
0.997 0.001 0.001 0.001
0.091 0.022 0.018 0.868
0.060 0.213 0.195 0.532

MOTIF 28
PAX3:FKHR-fusion
13
0.532 0.195 0.213 0.060
0.868 0.018 0.022 0.091
0.001 0.001 0.001 0.997
0.001 0.039 0.002 0.958
0.652 0.025 0.101 0.222
0.001 0.001 0.911 0.087
0.100 0.102 0.015 0.782
0.015 0.787 0.003 0.194
0.906 0.075 0.001 0.018
0.017 0.505 0.006 0.472
0.252 0.001 0.746 0.001
0.001 0.401 0.595 0.003
0.214 0.146 0.052 0.589

MOTIF 29
USF1
10
0.137 0.055 0.779 0.030
0.069 0.172 0.071 0.687
0.010 0.968 0.014 0.009
0.970 0.012 0.009 0.010
0.008 0.238 0.066 0.688
0.062 0.025 0.905 0.008
0.008 0.005 0.011 0.976
0.007 0.015 0.969 0.009
0.824 0.055 0.085 0.037
0.033 0.749 0.055 0.163

MOTIF 30
USF1
10
0.163 0.055 0.749 0.033
0.037 0.085 0.055 0.824
0.009 0.969 0.015 0.007
0.976 0.011 0.005 0.008
0.008 0.905 0.025 0.062
0.688 0.066 0.238 0.008
0.010 0.009 0.012 0.970
0.009 0.014 0.968 0.010
0.687 0.071 0.172 0.069
0.030 0.779 0.055 0.137

MOTIF 31
TFAP2A(var.3)
13
0.189 0.111 0.097 0.603
0.000 0.208 0.792 0.000
0.000 1.000 0.000 0.000
0.000 1.000 0.000 0.000
0.035 0.803 0.068 0.094
0.038 0.364 0.147 0.451
0.126 0.339 0.366 0.168
0.399 0.161 0.386 0.054
0.111 0.038 0.820 0.031
0.000 0.000 1.000 0.000
0.000 0.000 1.000 0.000
0.000 0.750 0.250 0.000
0.563 0.080 0.155 0.203

MOTIF 32
TFAP2A(var.3)
13
0.203 0.155 0.080 0.563
0.000 0.250 0.750 0.000
0.000 1.000 0.000 0.000
0.000 1.000 0.000 0.000
0.031 0.820 0.038 0.111
0.054 0.386 0.161 0.399
0.168 0.366 0.339 0.126
0.451 0.147 0.364 0.038
0.094 0.068 0.803 0.035
0.000 0.000 1.000 0.000
0.000 0.000 1.000 0.000
0.000 0.792 0.208 0.000
0.603 0.097 0.111 0.189

MOTIF 33
Tcf21
10
0.864 0.005 0.116 0.015
0.945 0.055 0.000 0.000
0.000 1.000 0.000 0.000
0.994 0.006 0.000 0.000
0.000 0.000 0.988 0.012
0.000 0.988 0.006 0.006
0.000 0.000 0.000 1.000
0.000 0.000 1.000 0.000
0.000 0.021 0.103 0.877
0.025 0.116 0.000 0.859

MOTIF 34
Tcf21
10
0.859 0.000 0.116 0.025
0.877 0.103 0.021 0.000
0.000 1.000 0.000 0.000
1.000 0.000 0.000 0.000
0.006 0.006 0.988 0.000
0.012 0.988 0.000 0.000
0.000 0.000 0.006 0.994
0.000 0.000 1.000 0.000
0.000 0.000 0.055 0.945
0.015 0.116 0.005 0.864

