MEME

ALPHABET= ACGT

Correlation with SVM weight vector: 0.680

Max PWM Correlation: 0.900

Background letter frequencies (from negative set)
A 0.27 C 0.23 G 0.23 T 0.27

MOTIF 1 IRF4
weight= 0.448 l= 4 w= 12 z-score= 9.59 motifsim= 0.895
0.594 0.128 0.215 0.063
0.521 0.033 0.146 0.300
0.622 0.164 0.054 0.160
0.224 0.310 0.177 0.289
0.216 0.168 0.117 0.498
0.000 0.000 1.000 0.000
0.873 0.000 0.127 0.000
0.930 0.000 0.000 0.070
1.000 0.000 0.000 0.000
0.000 0.663 0.337 0.000
0.108 0.274 0.026 0.592
0.307 0.168 0.298 0.227

MOTIF 2 PU.1:IRF8
weight= 0.251 l= 4 w= 12 z-score= 8.98 motifsim= 0.950
0.324 0.139 0.382 0.155
0.331 0.000 0.669 0.000
0.250 0.000 0.750 0.000
0.987 0.000 0.000 0.013
0.955 0.000 0.000 0.045
0.156 0.376 0.439 0.028
0.184 0.092 0.000 0.724
0.115 0.000 0.885 0.000
0.874 0.000 0.102 0.024
0.616 0.026 0.328 0.029
1.000 0.000 0.000 0.000
0.241 0.324 0.340 0.095

MOTIF 3 RUNX
weight= 0.588 l= 4 w= 12 z-score= 8.68 motifsim= 0.937
0.189 0.279 0.207 0.326
0.157 0.271 0.248 0.324
0.130 0.332 0.216 0.322
0.286 0.151 0.054 0.509
0.455 0.056 0.306 0.183
0.986 0.000 0.014 0.000
0.000 0.946 0.054 0.000
0.000 0.941 0.059 0.000
0.685 0.004 0.129 0.182
0.157 0.761 0.000 0.082
0.638 0.110 0.034 0.218
0.390 0.073 0.305 0.231

MOTIF 4 NFKB1
weight= 0.309 l= 4 w= 12 z-score= 8.63 motifsim= 0.965
0.384 0.095 0.260 0.261
0.000 0.046 0.919 0.035
0.000 0.000 1.000 0.000
0.000 0.000 0.797 0.203
0.496 0.000 0.425 0.079
0.256 0.413 0.174 0.157
0.036 0.027 0.000 0.937
0.015 0.118 0.000 0.867
0.000 0.236 0.000 0.764
0.050 0.772 0.000 0.178
0.000 0.777 0.098 0.126
0.374 0.287 0.089 0.250

MOTIF 5 EHF
weight= 0.509 l= 4 w= 12 z-score= 8.54 motifsim= 0.932
0.491 0.107 0.183 0.218
0.488 0.036 0.220 0.255
0.142 0.326 0.532 0.000
0.701 0.087 0.211 0.000
0.000 0.000 1.000 0.000
0.000 0.000 1.000 0.000
1.000 0.000 0.000 0.000
0.778 0.000 0.000 0.222
0.258 0.157 0.585 0.000
0.038 0.185 0.116 0.661
0.237 0.103 0.481 0.180
0.347 0.160 0.402 0.091

MOTIF 6 BATF
weight= 0.224 l= 4 w= 12 z-score= 7.71 motifsim= 0.944
0.282 0.101 0.579 0.037
0.344 0.037 0.255 0.363
0.187 0.000 0.384 0.429
0.503 0.215 0.015 0.267
0.023 0.000 0.000 0.977
0.000 0.051 0.762 0.186
1.000 0.000 0.000 0.000
0.129 0.364 0.507 0.000
0.000 0.009 0.063 0.928
0.301 0.699 0.000 0.000
1.000 0.000 0.000 0.000
0.050 0.288 0.210 0.451

MOTIF 7 RELB
weight= 0.385 l= 4 w= 13 z-score= 7.50 motifsim= 0.838
0.232 0.446 0.124 0.198
0.111 0.132 0.315 0.441
0.110 0.118 0.694 0.078
0.087 0.137 0.558 0.219
0.381 0.084 0.296 0.239
0.266 0.285 0.177 0.272
0.078 0.134 0.127 0.661
0.058 0.134 0.117 0.690
0.050 0.787 0.147 0.016
0.000 0.911 0.089 0.000
0.000 1.000 0.000 0.000
0.000 0.862 0.000 0.138
0.384 0.162 0.032 0.421

MOTIF 8 RUNX1
weight= 0.391 l= 4 w= 12 z-score= 5.31 motifsim= 0.934
0.213 0.235 0.220 0.333
0.132 0.143 0.003 0.722
0.000 0.043 0.957 0.000
0.019 0.053 0.133 0.795
0.031 0.000 0.969 0.000
0.000 0.000 1.000 0.000
0.000 0.276 0.370 0.354
0.222 0.270 0.000 0.508
0.125 0.000 0.388 0.487
0.140 0.170 0.347 0.343
0.236 0.205 0.250 0.309
0.247 0.169 0.290 0.293

MOTIF 9 EBF1
weight= 0.223 l= 4 w= 12 z-score= 5.02 motifsim= 0.937
0.025 0.498 0.218 0.259
0.155 0.349 0.062 0.434
0.050 0.943 0.007 0.000
0.000 0.552 0.075 0.373
0.000 0.860 0.138 0.002
0.314 0.093 0.002 0.591
0.120 0.079 0.486 0.315
0.000 0.000 1.000 0.000
0.217 0.000 0.661 0.122
0.000 0.000 0.985 0.015
0.658 0.153 0.188 0.000
0.121 0.494 0.150 0.235

MOTIF 10 POU2F3
weight= 0.315 l= 4 w= 12 z-score= 4.86 motifsim= 0.962
0.164 0.277 0.137 0.422
0.961 0.000 0.000 0.039
0.047 0.062 0.120 0.771
0.031 0.090 0.697 0.182
0.000 0.800 0.000 0.200
0.855 0.053 0.028 0.064
0.908 0.000 0.020 0.071
0.805 0.074 0.080 0.041
0.218 0.000 0.181 0.601
0.221 0.262 0.202 0.316
0.378 0.219 0.155 0.248
0.380 0.251 0.188 0.181

MOTIF 11 V_TCF11_01
weight= 0.494 l= 4 w= 12 z-score= 3.96 motifsim= 0.880
0.167 0.417 0.218 0.197
0.377 0.222 0.166 0.234
0.309 0.161 0.287 0.242
0.559 0.095 0.100 0.246
0.948 0.000 0.000 0.052
0.102 0.000 0.027 0.871
0.000 0.000 0.895 0.105
0.908 0.000 0.092 0.000
0.172 0.375 0.243 0.210
0.214 0.180 0.137 0.469
0.268 0.313 0.193 0.226
0.355 0.112 0.249 0.284

MOTIF 12 Eomes_primary
weight= 0.317 l= 4 w= 12 z-score= 3.71 motifsim= 0.786
0.178 0.198 0.445 0.179
0.014 0.199 0.150 0.637
0.012 0.185 0.761 0.042
0.168 0.000 0.000 0.832
0.011 0.082 0.834 0.073
0.722 0.001 0.213 0.064
0.563 0.114 0.323 0.000
0.794 0.206 0.000 0.000
0.406 0.363 0.167 0.064
0.269 0.389 0.059 0.282
0.353 0.222 0.304 0.121
0.444 0.106 0.135 0.316

MOTIF 13 IRF2
weight= 0.460 l= 4 w= 12 z-score= 3.58 motifsim= 0.747
0.322 0.156 0.498 0.024
0.576 0.047 0.346 0.031
0.720 0.000 0.129 0.151
0.877 0.000 0.000 0.123
0.229 0.372 0.399 0.000
0.207 0.564 0.121 0.108
0.910 0.000 0.090 0.000
0.423 0.009 0.443 0.125
0.548 0.158 0.123 0.171
0.601 0.124 0.000 0.274
0.201 0.395 0.362 0.042
0.179 0.327 0.007 0.486

MOTIF 14 Mef2c
weight= 0.784 l= 4 w= 12 z-score= 2.86 motifsim= 0.954
0.137 0.550 0.091 0.222
0.030 0.209 0.045 0.716
0.744 0.000 0.063 0.193
0.241 0.033 0.042 0.684
0.169 0.030 0.112 0.689
0.139 0.179 0.029 0.654
0.300 0.181 0.000 0.518
0.225 0.128 0.100 0.547
0.501 0.068 0.391 0.040
0.201 0.036 0.474 0.290
0.420 0.279 0.053 0.248
0.324 0.315 0.177 0.183

MOTIF 15 Pax8
weight= 1.000 l= 4 w= 12 z-score= 2.23 motifsim= 0.758
0.096 0.379 0.256 0.269
0.143 0.482 0.000 0.375
0.550 0.095 0.086 0.269
0.220 0.206 0.498 0.076
0.087 0.239 0.109 0.564
0.130 0.641 0.229 0.001
0.808 0.002 0.000 0.190
0.256 0.194 0.262 0.288
0.200 0.368 0.432 0.000
0.000 0.484 0.059 0.457
0.220 0.157 0.382 0.241
0.128 0.178 0.225 0.470

MOTIF 16 SPIB
weight= -0.644 l= 4 w= 15 z-score= -0.74 motifsim= 0.764
0.465 0.024 0.001 0.510
0.159 0.197 0.505 0.139
0.635 0.052 0.000 0.312
0.122 0.000 0.868 0.010
0.000 0.000 0.987 0.013
0.524 0.030 0.276 0.171
0.733 0.000 0.156 0.111
0.479 0.000 0.181 0.340
0.349 0.039 0.344 0.268
0.215 0.242 0.279 0.264
0.319 0.205 0.264 0.212
0.300 0.137 0.403 0.159
0.498 0.173 0.315 0.014
0.228 0.354 0.332 0.086
0.796 0.000 0.000 0.204

MOTIF 17 V_YY1_01
weight= -0.629 l= 4 w= 15 z-score= -1.01 motifsim= 0.568
0.000 0.828 0.003 0.169
0.000 1.000 0.000 0.000
0.691 0.155 0.116 0.037
0.192 0.124 0.313 0.371
0.223 0.295 0.040 0.443
0.202 0.263 0.104 0.430
0.314 0.212 0.103 0.371
0.173 0.298 0.181 0.348
0.368 0.219 0.020 0.393
0.279 0.222 0.118 0.380
0.248 0.049 0.210 0.493
0.110 0.255 0.225 0.410
1.000 0.000 0.000 0.000
0.000 0.000 0.000 1.000
0.382 0.275 0.000 0.343

MOTIF 18 Hoxd10_2368.2
weight= -0.856 l= 4 w= 15 z-score= -1.46 motifsim= 0.709
0.413 0.219 0.097 0.271
0.438 0.116 0.000 0.445
0.479 0.167 0.070 0.283
0.000 0.205 0.245 0.550
0.603 0.233 0.000 0.164
0.945 0.010 0.000 0.045
0.756 0.092 0.012 0.140
0.508 0.239 0.093 0.161
0.385 0.177 0.103 0.335
0.258 0.171 0.224 0.347
0.505 0.164 0.068 0.262
0.368 0.230 0.225 0.177
0.329 0.022 0.239 0.410
0.017 0.298 0.416 0.269
0.758 0.008 0.041 0.193

MOTIF 19 ETS1
weight= -0.845 l= 4 w= 15 z-score= -1.77 motifsim= 0.791
0.166 0.392 0.200 0.242
0.253 0.208 0.141 0.397
0.230 0.169 0.163 0.438
0.193 0.345 0.133 0.329
0.187 0.303 0.117 0.394
0.301 0.104 0.336 0.259
0.165 0.468 0.177 0.191
0.357 0.050 0.175 0.417
0.095 0.000 0.138 0.767
0.000 0.956 0.000 0.044
0.000 1.000 0.000 0.000
0.442 0.370 0.000 0.187
0.378 0.299 0.246 0.076
0.591 0.038 0.186 0.185
0.295 0.232 0.303 0.170

MOTIF 20 NFATC2
weight= -0.696 l= 4 w= 15 z-score= -2.48 motifsim= 0.723
0.259 0.325 0.085 0.331
0.180 0.420 0.176 0.223
0.407 0.347 0.000 0.245
0.354 0.063 0.040 0.543
0.007 0.049 0.940 0.004
0.121 0.065 0.814 0.000
0.472 0.099 0.352 0.077
0.442 0.143 0.400 0.016
0.480 0.171 0.255 0.094
0.623 0.023 0.251 0.103
0.545 0.203 0.252 0.000
0.461 0.202 0.258 0.079
0.253 0.235 0.167 0.345
0.242 0.083 0.355 0.319
0.558 0.000 0.432 0.010

MOTIF 21 TEAD
weight= -0.963 l= 4 w= 15 z-score= -2.66 motifsim= 0.794
0.371 0.106 0.412 0.111
0.464 0.102 0.234 0.200
0.418 0.152 0.271 0.159
0.338 0.137 0.296 0.229
0.330 0.190 0.331 0.149
0.330 0.226 0.285 0.159
0.421 0.180 0.201 0.198
0.469 0.049 0.225 0.257
0.300 0.190 0.082 0.429
0.000 0.000 0.252 0.748
0.016 0.984 0.000 0.000
0.000 1.000 0.000 0.000
0.442 0.257 0.019 0.283
0.345 0.000 0.355 0.301
0.247 0.235 0.376 0.142

MOTIF 22 UA3
weight= -0.674 l= 4 w= 15 z-score= -2.91 motifsim= 0.814
0.251 0.258 0.162 0.329
0.246 0.228 0.159 0.368
0.258 0.096 0.358 0.288
0.240 0.029 0.589 0.141
0.000 0.013 0.708 0.280
0.085 0.000 0.915 0.000
0.093 0.000 0.893 0.014
0.117 0.000 0.347 0.535
0.091 0.800 0.107 0.002
0.304 0.148 0.081 0.467
0.102 0.307 0.208 0.383
0.227 0.341 0.112 0.321
0.225 0.341 0.185 0.249
0.220 0.359 0.166 0.255
0.202 0.308 0.171 0.319

